"Vol (mL)"	CDIN1L178Q	CDIN1L178Q	CDIN1L178Q	Codanin-1	Codanin-1	Codanin-1	"CDIN1L178Q- Codanin-1"	"CDIN1L178Q- Codanin-1"	"CDIN1L178Q- Codanin-1"
0.0000				0.240					
0.1300				0.520					
0.2500				-0.200					
0.3800				8.120					
0.5000				8.400					
0.6300				15.120					
0.7500				17.520					
0.8800				17.680					
1.0000				16.080					
1.1300				14.400					
1.2500				13.280					
1.3800				12.280					
1.5000				11.640					
1.6300				11.040					
1.7500				10.280					
1.8800				9.720					
2.0000				9.360					
2.1300				9.120					
2.2500				8.640					
2.3800				8.400					
2.5000				8.520					
2.6300				8.520					
2.7500				8.160					
2.8800				7.880					
3.0000				7.840					
3.1300				7.640					
3.2500				7.280					
3.3800				7.400					
3.5000				7.080					
3.6300				6.920					
3.7500				6.680					
3.8800				6.640					
4.0000				6.560					
4.1300				6.320					
4.2500				6.160					
4.3800				5.960					
4.5000				5.920					
4.6300				5.800					
4.7500				5.560					
4.8800				5.480					
5.0000				5.400					
5.1300				5.280					
5.2500				5.280					
5.3800				5.120					
5.5000				5.040					
5.6300				5.040					
5.7500				4.840					
5.8800				4.840					
6.0000				4.760					
6.1300				4.640					
6.2500				4.640					
6.3800				4.600					
6.5100				4.480					
6.6300				4.560					
6.7600				4.400					
6.8800				4.360					
7.0100				4.320					
7.1300				4.240					
7.2600				4.200					
7.3800				4.200					
7.5100				4.120					
7.6300				4.120					
7.7600				3.880					
7.8800				3.920					
8.0100				3.960					
8.1300				3.920					
8.2600				3.880					
8.3800				3.720					
8.5100				3.880					
8.6300				3.760					
8.7600				3.720					
8.8800				3.720					
9.0100				3.640					
9.1300				3.600					
9.2600				3.640					
9.3800				3.560					
9.5100				3.680					
9.6300				3.600					
9.7600				3.520					
9.8800				3.520					
10.0100				3.520					
10.1300				3.560					
10.2600				3.400					
10.3800				3.480					
10.5100				3.440					
10.6300				3.440					
10.7600				3.480					
10.8800				3.440					
11.0100				3.400					
11.1300				3.360					
11.2600				3.320					
11.3800				3.400					
11.5100				3.320					
11.6300				3.320					
11.7600				3.280					
11.8800				3.280					
12.0100				3.280					
12.1300				3.200					
12.2600				3.200					
12.3800				3.200					
12.5100				3.080					
12.6300				3.120					
12.7600				3.240					
12.8900				3.080					
13.0100				3.000					
13.1400				3.160					
13.2600				3.080					
13.3900				3.120					
13.5100				3.080					
13.6400				3.040					
13.7600				3.000					
13.8900				3.080					
14.0100				3.080					
14.1400				3.120					
14.2600				2.960					
14.3900				3.040					
14.5100				3.040					
14.6400				2.960					
14.7600				2.920					
14.8900				2.960					
15.0100				3.080					
15.1400				3.040					
15.2600				2.920					
15.3900				2.960					
15.5100				2.840					
15.6400				2.880					
15.7600				2.920					
15.8900				2.840					
16.0100				2.840					
16.1400				2.800					
16.2600				2.840					
16.3900				2.840					
16.5100				2.760					
16.6400				2.760					
16.7600				2.800					
16.8900				2.840					
17.0100				2.760					
17.1400				2.760					
17.2600				2.720					
17.3900				2.760					
17.5100				2.680					
17.6400				2.720					
17.7600				2.640					
17.8900				2.680					
18.0100				2.640					
18.1400				2.760					
18.2600				2.560					
18.3900				2.640					
18.5100				2.640					
18.6400				2.600					
18.7600				2.560					
18.8900				2.560					
19.0100				2.560					
19.1400				2.720					
19.2700				2.480					
19.3900				2.560					
19.5200				2.400					
19.6400				2.520					
19.7700				2.560					
19.8900				2.480					
20.0200				2.560					
20.1400				2.440					
20.2700				2.480					
20.3900				2.520					
20.5200				2.360					
20.6400				2.400					
20.7700				2.480					
20.8900				2.360					
21.0200				2.280					
21.1400				2.360					
21.2700				2.320					
21.3900				2.280					
21.5200				2.280					
21.6400				2.320					
21.7700				2.200					
21.8900				2.240					
22.0200				2.280					
22.1400				2.160					
22.2700				2.120					
22.3900				2.120					
22.5200				2.120					
22.6400				2.040					
22.7700				2.120					
22.8900				1.960					
23.0200				1.960					
23.1400				2.080					
23.2700				2.000					
23.3900				1.960					
23.5200				1.920					
23.6400				2.000					
23.7700				1.960					
23.8900				1.960					
24.0200				1.920					
24.1400				1.880					
24.2700				1.920					
24.3900				1.920					
24.5200				1.960					
24.6400				1.840					
24.7700				1.880					
24.8900				1.720					
25.0200				1.720					
25.1400				1.840					
25.2700				1.760					
25.3900				1.760					
25.5200				1.760					
25.6500				1.720					
25.7700				1.720					
25.9000				1.680					
26.0200				1.680					
26.1500				1.720					
26.2700				1.640					
26.4000				1.560					
26.5200				1.640					
26.6500				1.680					
26.7700				1.600					
26.9000				1.600					
27.0200				1.560					
27.1500				1.560					
27.2700				1.640					
27.4000				1.640					
27.5200				1.640					
27.6500				1.600					
27.7700				1.600					
27.9000				1.480					
28.0200				1.560					
28.1500				1.480					
28.2700				1.520					
28.4000				1.440					
28.5200				1.480					
28.6500				1.440					
28.7700				1.520					
28.9000				1.600					
29.0200				1.480					
29.1500				1.560					
29.2700				1.480					
29.4000				1.520					
29.5200				1.400					
29.6500				1.480					
29.7700				1.440					
29.9000				1.440					
30.0200				1.400					
30.1500				1.360					
30.2700				1.520					
30.4000				1.400					
30.5200				1.400					
30.6500				1.400					
30.7700				1.480					
30.9000				1.440					
31.0200				1.480					
31.1500				1.400					
31.2700				1.440					
31.4000				1.360					
31.5200				1.400					
31.6500				1.360					
31.7700				1.440					
31.9000				1.400					
32.0300				1.360					
32.1500				1.400					
32.2800				1.440					
32.4000				1.360					
32.5300				1.280					
32.6500				1.400					
32.7800				1.440					
32.9000				1.400					
33.0300				1.360					
33.1500				1.360					
33.2800				1.360					
33.4000				1.360					
33.5300				1.400					
33.6500				1.360					
33.7800				1.440					
33.9000				1.400					
34.0300				1.280					
34.1500				1.400					
34.2800				1.320					
34.4000				1.360					
34.5300				1.360					
34.6500				1.320					
34.7800				1.200					
34.9000				1.240					
35.0300				1.280					
35.1500				1.320					
35.2800				1.360					
35.4000				1.200					
35.5300				1.320					
35.6500				1.320					
35.7800				1.320					
35.9000				1.240					
36.0300				1.280					
36.1500				1.280					
36.2800				1.320					
36.4000				1.320					
36.5300				1.240					
36.6500				1.160					
36.7800				1.320					
36.9000				1.320					
37.0300				1.320					
37.1500				1.400					
37.2800				1.360					
37.4000				1.320					
37.5300				1.360					
37.6500				1.360					
37.7800				1.400					
37.9000				1.360					
38.0300				1.360					
38.1500				1.400					
38.2800				1.360					
38.4100				1.400					
38.5300				1.480					
38.6600				1.520					
38.7800				1.520					
38.9100				1.480					
39.0300				1.560					
39.1600				1.560					
39.2800				1.440					
39.4100				1.560					
39.5300				1.560					
39.6600				1.560					
39.7800				1.720					
39.9100				1.720					
40.0300				1.760					
40.1600				1.800					
40.2800				1.720					
40.4100				1.800					
40.5300				1.720					
40.6600				1.760					
40.7800				1.840					
40.9100				1.840					
41.0300				1.920					
41.1600				1.920					
41.2800				1.920					
41.4100				1.840					
41.5300				2.000					
41.6600				1.960					
41.7800				2.000					
41.9100				1.960					
42.0300				2.000					
42.1600				2.000					
42.2800				1.840					
42.4100				1.840					
42.5300				1.920					
42.6600				1.920					
42.7800				1.880					
42.9100				1.800					
43.0300				1.800					
43.1600				1.720					
43.2800				1.800					
43.4100				1.800					
43.5300				1.760					
43.6600				1.720					
43.7800				1.760					
43.9100				1.640					
44.0300				1.800					
44.1600				1.680					
44.2800				1.720					
44.4100				1.800					
44.5300				1.720					
44.6600				1.760					
44.7800				1.760					
44.9100				1.720					
45.0400				1.720					
45.1600				1.800					
45.2900				1.760					
45.4100				1.840					
45.5400				1.840					
45.6600				1.880					
45.7900				1.800					
45.9100				1.800					
46.0400				1.800					
46.1600				1.720					
46.2900				1.720					
46.4100				1.640					
46.5400				1.600					
46.6600				1.520					
46.7900				1.520					
46.9100				1.560					
47.0400				1.320					
47.1600				1.360					
47.2900				1.240					
47.4100				1.160					
47.5400				1.080					
47.6600				1.160					
47.7900				1.160					
47.9100				1.160					
48.0400				1.080					
48.1600				1.000					
48.2900				0.960					
48.4100				0.920					
48.5400				0.880					
48.6600				0.840					
48.7900				0.920					
48.9100				0.840					
49.0400				0.840					
49.1600				0.840					
49.2900				0.840					
49.4100				0.840					
49.5400				0.840					
49.6600				0.720					
49.7900				0.800					
49.9100				0.720					
50.0400				0.840					
50.1600				0.800					
50.2900				0.720					
50.4100				1.000					
50.5400				1.080					
50.6600				1.160					
50.7900				1.000					
50.9100				0.920					
51.0400				0.920					
51.1600				0.960					
51.2900				1.040					
51.4200				1.040					
51.5400				1.040					
51.6700				1.160					
51.7900				1.240					
51.9200				1.280					
52.0400				1.280					
52.1700				1.240					
52.2900				1.360					
52.4200				1.440					
52.5400				1.400					
52.6700				1.400					
52.7900				1.560					
52.9200				1.560					
53.0400				1.640					
53.1700				1.840					
53.2900				1.880					
53.4200				1.880					
53.5400				1.920					
53.6700				2.000					
53.7900				2.000					
53.9200				2.080					
54.0400				2.240					
54.1700				2.280					
54.2900				2.440					
54.4200				2.400					
54.5400				2.600					
54.6700				2.600					
54.7900				2.720					
54.9200				2.840					
55.0400				2.920					
55.1700				3.040					
55.2900				3.120					
55.4200				3.320					
55.5400				3.280					
55.6700				3.520					
55.7900				3.560					
55.9200				3.680					
56.0400				3.800					
56.1700				3.920					
56.2900				4.000					
56.4200				4.080					
56.5400				4.280					
56.6700				4.360					
56.7900				4.480					
56.9200				4.640					
57.0400				4.760					
57.1700				4.960					
57.2900				4.880					
57.4200				5.160					
57.5400				5.280					
57.6700				5.400					
57.8000				5.520					
57.9200				5.600					
58.0500				5.880					
58.1700				5.920					
58.3000				6.120					
58.4200				6.080					
58.5500				6.280					
58.6700				6.480					
58.8000				6.520					
58.9200				6.720					
59.0500				6.840					
59.1700				7.000					
59.3000				7.120					
59.4200				7.440					
59.5500				7.320					
59.6700				7.560					
59.8000				7.720					
59.9200				7.720					
60.0500				8.040					
60.1700				8.000					
60.3000				8.280					
60.4200				8.440					
60.5500				8.520					
60.6700				8.640					
60.8000				8.760					
60.9200				9.000					
61.0500				9.160					
61.1700				9.360					
61.3000				9.360					
61.4200				9.720					
61.5500				9.800					
61.6700				9.920					
61.8000				10.160					
61.9200				10.120					
62.0500				10.400					
62.1700				10.520					
62.3000				10.840					
62.4200				10.800					
62.5500				11.000					
62.6700				11.160					
62.8000				11.280					
62.9200				11.640					
63.0500				11.640					
63.1700				11.840					
63.3000				12.000					
63.4200				12.160					
63.5500				12.200					
63.6700				12.440					
63.8000				12.680					
63.9200				12.720					
64.0500				13.160					
64.1800				13.120					
64.3000				13.400					
64.4300				13.560					
64.5500				13.760					
64.6800				13.960					
64.8000				14.040					
64.9300				14.440					
65.0500				14.360					
65.1800				14.720					
65.3000				14.760					
65.4300				15.080					
65.5500				15.240					
65.6800				15.320					
65.8000				15.760					
65.9300				15.840					
66.0500				16.120					
66.1800				16.200					
66.3000				16.600					
66.4300				16.640					
66.5500				16.760					
66.6800				17.080					
66.8000				17.040					
66.9300				17.560					
67.0500				17.440					
67.1800				17.760					
67.3000				17.920					
67.4300				18.120					
67.5500				18.200					
67.6800				18.400					
67.8000				18.600					
67.9300				18.640					
68.0500				19.080					
68.1800				18.880					
68.3000				19.200					
68.4300				19.440					
68.5500				19.480					
68.6800				19.560					
68.8000				19.760					
68.9300				20.000					
69.0500				20.000					
69.1800				20.360					
69.3000				20.080					
69.4300				20.480					
69.5500				20.760					
69.6800				20.880					
69.8000				21.280					
69.9300				21.360					
70.0500				21.640					
70.1800				21.880					
70.3000				22.240					
70.4300				22.440					
70.5600				22.960					
70.6800				23.520					
70.8100				23.720					
70.9300				24.680					
71.0600				24.800					
71.1800				25.760					
71.3100				26.440					
71.4300				27.360					
71.5600				28.160					
71.6800				29.280					
71.8100				30.480					
71.9300				31.720					
72.0600				33.400					
72.1800				34.320					
72.3100				36.320					
72.4300				37.960					
72.5600				39.640					
72.6800				42.040					
72.8100				43.800					
72.9300				46.000					
73.0600				48.440					
73.1800				51.240					
73.3100				52.640					
73.4300				56.000					
73.5600				58.120					
73.6800				60.560					
73.8100				64.160					
73.9300				66.040					
74.0600				68.800					
74.1800				71.280					
74.3100				74.800					
74.4300				75.800					
74.5600				78.880					
74.6800				81.160					
74.8100				82.920					
74.9300				86.400					
75.0600				86.400					
75.1800				89.080					
75.3100				90.640					
75.4300				91.920					
75.5600				92.960					
75.6800				94.160					
75.8100				95.520					
75.9300				95.280					
76.0600				97.000					
76.1800				95.520					
76.3100				97.000					
76.4300				96.800					
76.5600				95.480					
76.6800				95.920					
76.8100				94.680					
76.9400				94.680					
77.0600				93.120					
77.1900				92.360					
77.3100				90.520					
77.4400				89.560					
77.5600				88.720					
77.6900				86.120					
77.8100				85.360					
77.9400				82.760					
78.0600				82.000					
78.1900				79.800					
78.3100				77.080					
78.4400				75.960					
78.5600				73.480					
78.6900				72.320					
78.8100				69.520					
78.9400				67.560					
79.0600				65.560					
79.1900				64.000					
79.3100				62.000					
79.4400				59.400					
79.5600				58.080					
79.6900				55.400					
79.8100				54.280					
79.9400				52.040					
80.0600				49.840					
80.1900				48.640					
80.3100				46.400					
80.4400				45.280					
80.5600				43.200					
80.6900				41.880					
80.8100				39.920					
80.9400				39.000					
81.0600				37.400					
81.1900				35.240					
81.3100				34.720					
81.4400				32.960					
81.5600				32.120					
81.6900				30.560					
81.8100				29.240					
81.9400				27.960					
82.0600				27.440					
82.1900				25.960					
82.3100				24.400					
82.4400				24.040					
82.5600				22.520					
82.6900				22.120					
82.8100				20.920					
82.9400				19.840					
83.0600				19.120					
83.1900				18.360					
83.3200				17.800					
83.4400				16.600					
83.5700				16.200					
83.6900				15.040					
83.8200				14.880					
83.9400				14.080					
84.0700				13.160					
84.1900				12.920					
84.3200				12.160					
84.4400				11.920					
84.5700				11.040					
84.6900				10.640					
84.8200				10.000					
84.9400				9.880					
85.0700				9.400					
85.1900				8.560					
85.3200				8.600					
85.4400				7.960					
85.5700				7.880					
85.6900				7.400					
85.8200				6.960					
85.9400				6.720					
86.0700				6.560					
86.1900				6.280					
86.3200				5.760					
86.4400				5.800					
86.5700				5.360					
86.6900				5.240					
86.8200				5.080					
86.9400				4.600					
87.0700				4.600					
87.1900				4.360					
87.3200				4.200					
87.4400				4.080					
87.5700				4.000					
87.6900				3.640					
87.8200				3.600					
87.9400				3.520					
88.0700				3.280					
88.1900				3.280					
88.3200				3.080					
88.4400				2.920					
88.5700				2.960					
88.6900				2.840					
88.8200				2.760					
88.9400				2.720					
89.0700				2.520					
89.1900				2.480					
89.3200				2.400					
89.4400				2.280					
89.5700				2.320					
89.7000				2.200					
89.8200				2.040					
89.9500				2.000					
90.0700				2.000					
90.2000				1.960					
90.3200				2.000					
90.4500				1.920					
90.5700				1.800					
90.7000				1.800					
90.8200				1.800					
90.9500				1.720					
91.0700				1.880					
91.2000				1.680					
91.3200				1.560					
91.4500				1.640					
91.5700				1.640					
91.7000				1.520					
91.8200				1.560					
91.9500				1.440					
92.0700				1.560					
92.2000				1.560					
92.3200				1.520					
92.4500				1.520					
92.5700				1.560					
92.7000				1.480					
92.8200				1.520					
92.9500				1.600					
93.0700				1.520					
93.2000				1.520					
93.3200				1.520					
93.4500				1.480					
93.5700				1.520					
93.7000				1.560					
93.8200				1.480					
93.9500				1.560					
94.0700				1.560					
94.2000				1.520					
94.3200				1.560					
94.4500				1.600					
94.5700				1.480					
94.7000				1.480					
94.8200				1.560					
94.9500				1.560					
95.0700				1.440					
95.2000				1.480					
95.3200				1.480					
95.4500				1.480					
95.5700				1.520					
95.7000				1.440					
95.8200				1.480					
95.9500				1.520					
96.0800				1.440					
96.2000				1.400					
96.3300				1.360					
96.4500				1.360					
96.5800				1.280					
96.7000				1.240					
96.8300				1.240					
96.9500				1.280					
97.0800				1.240					
97.2000				1.200					
97.3300				1.200					
97.4500				1.080					
97.5800				1.000					
97.7000				1.080					
97.8300				1.040					
97.9500				0.920					
98.0800				0.920					
98.2000				1.000					
98.3300				0.920					
98.4500				0.880					
98.5800				0.800					
98.7000				0.840					
98.8300				0.880					
98.9500				0.760					
99.0800				0.800					
99.2000				0.840					
99.3300				0.760					
99.4500				0.680					
99.5800				0.800					
99.7000				0.720					
99.8300				0.760					
99.9500				0.720					
100.0800				0.640					
100.2000				0.720					
100.3300				0.640					
100.4500				0.680					
100.5800				0.560					
100.7000				0.640					
100.8300				0.600					
100.9500				0.680					
101.0800				0.480					
101.2000				0.520					
101.3300				0.600					
101.4500				0.640					
101.5800				0.600					
101.7000				0.560					
101.8300				0.600					
101.9500				0.520					
102.0800				0.560					
102.2000				0.560					
102.3300				0.600					
102.4600				0.520					
102.5800				0.600					
102.7100				0.520					
102.8300				0.600					
102.9600				0.520					
103.0800				0.520					
103.2100				0.600					
103.3300				0.520					
103.4600				0.600					
103.5800				0.640					
103.7100				0.520					
103.8300				0.600					
103.9600				0.600					
104.0800				0.680					
104.2100				0.640					
104.3300				0.680					
104.4600				0.680					
104.5800				0.760					
104.7100				0.720					
104.8300				0.760					
104.9600				0.800					
105.0800				0.880					
105.2100				0.920					
105.3300				0.880					
105.4600				0.840					
105.5800				0.920					
105.7100				0.960					
105.8300				1.000					
105.9600				1.040					
106.0800				1.080					
106.2100				1.040					
106.3300				1.200					
106.4600				1.160					
106.5800				1.160					
106.7100				1.160					
106.8300				1.200					
106.9600				1.280					
107.0800				1.360					
107.2100				1.320					
107.3300				1.400					
107.4600				1.440					
107.5800				1.440					
107.7100				1.400					
107.8300				1.560					
107.9600				1.560					
108.0800				1.600					
108.2100				1.560					
108.3300				1.520					
108.4600				1.560					
108.5800				1.600					
108.7100				1.640					
108.8400				1.600					
108.9600				1.600					
109.0900				1.680					
109.2100				1.720					
109.3400				1.640					
109.4600				1.680					
109.5900				1.720					
109.7100				1.680					
109.8400				1.640					
109.9600				1.520					
110.0900				1.680					
110.2100				1.680					
110.3400				1.760					
110.4600				1.680					
110.5900				1.640					
110.7100				1.600					
110.8400				1.640					
110.9600				1.680					
111.0900				1.600					
111.2100				1.680					
111.3400				1.560					
111.4600				1.560					
111.5900				1.600					
111.7100				1.560					
111.8400				1.560					
111.9600				1.520					
112.0900				1.480					
112.2100				1.440					
112.3400				1.440					
112.4600				1.480					
112.5900				1.320					
112.7100				1.440					
112.8400				1.400					
112.9600				1.400					
113.0900				1.360					
113.2100				1.360					
113.3400				1.280					
113.4600				1.280					
113.5900				1.200					
113.7100				1.200					
113.8400				1.240					
113.9600				1.200					
114.0900				1.160					
114.2100				1.160					
114.3400				1.120					
114.4600				1.040					
114.5900				1.040					
114.7100				1.000					
114.8400				0.960					
114.9600				0.880					
115.0900				0.800					
115.2200				0.800					
115.3400				0.800					
115.4700				0.680					
115.5900				0.760					
115.7200				0.720					
115.8400				0.600					
115.9700				0.600					
116.0900				0.480					
116.2200				0.440					
116.3400				0.400					
116.4700				0.360					
116.5900				0.240					
116.7200				0.160					
116.8400				0.160					
116.9700				0.080					
117.0900				0.040					
117.2200				0.040					
117.3400				-0.040					
117.4700				-0.120					
117.5900				-0.160					
117.7200				-0.120					
117.8400				-0.200					
117.9700				-0.280					
118.0900				-0.400					
118.2200				-0.320					
118.3400				-0.360					
118.4700				-0.480					
118.5900				-0.400					
118.7200				-0.520					
118.8400				-0.560					
118.9700				-0.560					
119.0900				-0.600					
119.2200				-0.640					
119.3400				-0.640					
119.4700				-0.680					
119.5900				-0.680					
119.7200				-0.760					
119.8400				-0.720					
119.9700				-0.840					
									
0.0000	1.4745								
0.1300	1.5630								
0.2500	1.3620								
0.3800	1.3575								
0.5000	2.0160								
0.6300	2.2680								
0.7500	3.0390								
0.8800	2.8320								
1.0000	2.2200								
1.1300	1.9470								
1.2500	1.9230								
1.3800	1.7550								
1.5000	1.7085								
1.6300	1.5795								
1.7500	1.5150								
1.8800	1.4940								
2.0100	1.4190								
2.1300	1.4400								
2.2600	1.3680								
2.3800	1.3665								
2.5100	1.3275								
2.6300	1.2945								
2.7600	1.2795								
2.8800	1.2495								
3.0100	1.2540								
3.1300	1.2045								
3.2600	1.2210								
3.3800	1.1565								
3.5100	1.1280								
3.6400	1.1310								
3.7600	1.1235								
3.8900	1.1355								
4.0100	1.0680								
4.1400	1.1025								
4.2600	1.0665								
4.3900	1.0380								
4.5100	0.9900								
4.6400	1.0140								
4.7600	1.0020								
4.8900	0.9750								
5.0100	0.9795								
5.1400	0.9825								
5.2600	0.9630								
5.3900	0.9390								
5.5200	0.9405								
5.6400	0.9645								
5.7700	0.9570								
5.8900	0.9510								
6.0200	0.9660								
6.1400	0.9105								
6.2700	0.9225								
6.3900	0.9690								
6.5200	0.9555								
6.6400	0.9870								
6.7700	1.0095								
6.8900	0.9855								
7.0200	1.0080								
7.1400	1.0275								
7.2700	1.0065								
7.4000	1.0095								
7.5200	1.0530								
7.6500	1.0830								
7.7700	1.0950								
7.9000	1.1160								
8.0200	1.1325								
8.1500	1.1355								
8.2700	1.1760								
8.4000	1.1865								
8.5200	1.1805								
8.6500	1.2420								
8.7700	1.2720								
8.9000	1.2885								
9.0300	1.2990								
9.1500	1.3200								
9.2800	1.3425								
9.4000	1.3725								
9.5300	1.3800								
9.6500	1.4190								
9.7800	1.4325								
9.9000	1.4700								
10.0300	1.4550								
10.1500	1.4925								
10.2800	1.4895								
10.4000	1.5075								
10.5300	1.5150								
10.6500	1.5240								
10.7800	1.5060								
10.9100	1.5090								
11.0300	1.5135								
11.1600	1.4955								
11.2800	1.4940								
11.4100	1.4895								
11.5300	1.4790								
11.6600	1.4460								
11.7800	1.4670								
11.9100	1.4670								
12.0300	1.4250								
12.1600	1.4010								
12.2800	1.3560								
12.4100	1.3515								
12.5300	1.3425								
12.6600	1.3200								
12.7900	1.2795								
12.9100	1.2420								
13.0400	1.2285								
13.1600	1.2300								
13.2900	1.1970								
13.4100	1.2000								
13.5400	1.1265								
13.6600	1.1325								
13.7900	1.0920								
13.9100	1.0920								
14.0400	1.0650								
14.1600	1.0485								
14.2900	1.0275								
14.4200	0.9495								
14.5400	0.9345								
14.6700	0.9060								
14.7900	0.9075								
14.9200	0.8925								
15.0400	0.8670								
15.1700	0.8130								
15.2900	0.8115								
15.4200	0.7560								
15.5400	0.7245								
15.6700	0.7170								
15.7900	0.6765								
15.9200	0.6660								
16.0400	0.6375								
16.1700	0.6690								
16.3000	0.6210								
16.4200	0.5835								
16.5500	0.5550								
16.6700	0.5295								
16.8000	0.5250								
16.9200	0.5070								
17.0500	0.4995								
17.1700	0.5055								
17.3000	0.4470								
17.4200	0.4530								
17.5500	0.4185								
17.6700	0.3975								
17.8000	0.3945								
17.9200	0.4110								
18.0500	0.3645								
18.1800	0.3885								
18.3000	0.3450								
18.4300	0.3855								
18.5500	0.3435								
18.6800	0.3210								
18.8000	0.3450								
18.9300	0.2895								
19.0500	0.3000								
19.1800	0.2910								
19.3000	0.3000								
19.4300	0.2340								
19.5500	0.2655								
19.6800	0.2385								
19.8100	0.2700								
19.9300	0.2430								
20.0600	0.2160								
20.1800	0.2565								
20.3100	0.2310								
20.4300	0.2220								
20.5600	0.2250								
20.6800	0.1965								
20.8100	0.2085								
20.9300	0.2100								
21.0600	0.1800								
21.1800	0.1620								
21.3100	0.1650								
21.4300	0.1845								
21.5600	0.1665								
21.6900	0.1770								
21.8100	0.1755								
21.9400	0.1635								
22.0600	0.1530								
22.1900	0.1515								
22.3100	0.1125								
22.4400	0.1155								
22.5600	0.1140								
22.6900	0.1230								
22.8100	0.0975								
22.9400	0.1050								
23.0600	0.0900								
23.1900	0.0960								
23.3100	0.0900								
23.4400	0.0675								
23.5700	0.0810								
23.6900	0.0675								
23.8200	0.0300								
23.9400	0.0660								
24.0700	0.0825								
24.1900	0.0810								
24.3200	0.0630								
24.4400	0.0600								
24.5700	0.0750								
24.6900	0.0750								
24.8200	0.0270								
24.9400	0.0120								
25.0700	0.0195								
25.2000	-0.0195								
25.3200	0.0285								
25.4500	0.0075								
25.5700	0.0000								
25.7000	-0.0255								
25.8200	-0.0540								
25.9500	-0.0180								
26.0700	0.0135								
26.2000	-0.0270								
26.3200	-0.0315								
26.4500	-0.0435								
26.5700	-0.0300								
26.7000	-0.0660								
26.8200	-0.0450								
26.9500	-0.0375								
27.0800	-0.0210								
27.2000	0.0000								
27.3300	-0.0480								
27.4500	-0.0465								
27.5800	-0.0525								
27.7000	-0.0270								
27.8300	-0.0660								
27.9500	-0.0555								
28.0800	-0.0465								
28.2000	-0.0630								
28.3300	-0.0420								
28.4500	-0.0630								
28.5800	-0.0480								
28.7000	-0.0960								
28.8300	-0.0645								
28.9600	-0.0645								
29.0800	-0.0930								
29.2100	-0.0435								
29.3300	-0.0645								
29.4600	-0.0405								
29.5800	-0.0525								
29.7100	-0.0720								
29.8300	-0.0720								
29.9600	-0.0450								
30.0800	-0.0555								
30.2100	-0.0510								
30.3300	-0.0390								
30.4600	-0.0270								
30.5900	-0.0525								
30.7100	-0.0480								
30.8400	-0.0555								
30.9600	-0.0630								
31.0900	-0.0525								
31.2100	-0.0615								
31.3400	-0.0735								
31.4600	-0.0630								
31.5900	-0.0765								
31.7100	-0.0540								
31.8400	-0.0735								
31.9600	-0.0330								
32.0900	-0.0810								
32.2100	-0.0675								
32.3400	-0.0450								
32.4700	-0.0450								
32.5900	-0.0270								
32.7200	-0.0420								
32.8400	-0.0525								
32.9700	-0.0375								
33.0900	0.0330								
33.2200	-0.0105								
33.3400	-0.0180								
33.4700	0.0000								
33.5900	-0.0120								
33.7200	-0.0180								
33.8400	-0.0060								
33.9700	0.0000								
34.0900	-0.0285								
34.2200	-0.0210								
34.3500	0.0000								
34.4700	0.0135								
34.6000	-0.0060								
34.7200	-0.0345								
34.8500	-0.0090								
34.9700	-0.0150								
35.1000	0.0270								
35.2200	-0.0135								
35.3500	0.0255								
35.4700	-0.0075								
35.6000	-0.0465								
35.7200	-0.0270								
35.8500	-0.0495								
35.9800	-0.0795								
36.1000	-0.0450								
36.2300	-0.0405								
36.3500	-0.0375								
36.4800	-0.0495								
36.6000	-0.0480								
36.7300	-0.0810								
36.8500	-0.0045								
36.9800	0.0120								
37.1000	-0.0075								
37.2300	-0.0075								
37.3500	-0.0285								
37.4800	-0.0330								
37.6000	-0.0045								
37.7300	0.0060								
37.8600	-0.0045								
37.9800	-0.0135								
38.1100	0.0150								
38.2300	0.0615								
38.3600	0.0330								
38.4800	0.0330								
38.6100	0.0990								
38.7300	0.0660								
38.8600	0.0990								
38.9800	0.1575								
39.1100	0.1740								
39.2300	0.2355								
39.3600	0.2355								
39.4800	0.2880								
39.6100	0.4005								
39.7400	0.3780								
39.8600	0.4260								
39.9900	0.5220								
40.1100	0.5715								
40.2400	0.6195								
40.3600	0.6795								
40.4900	0.7890								
40.6100	0.8760								
40.7400	0.9885								
40.8600	1.0995								
40.9900	1.2060								
41.1100	1.2825								
41.2400	1.4265								
41.3700	1.5015								
41.4900	1.6335								
41.6200	1.7820								
41.7400	1.8810								
41.8700	2.0145								
41.9900	2.1750								
42.1200	2.3220								
42.2400	2.5425								
42.3700	2.7720								
42.4900	3.0030								
42.6200	3.3690								
42.7400	3.7395								
42.8700	4.0920								
42.9900	4.5720								
43.1200	5.0505								
43.2500	5.6340								
43.3700	6.2055								
43.5000	6.7425								
43.6200	7.3005								
43.7500	7.9095								
43.8700	8.4105								
44.0000	8.8800								
44.1200	9.3705								
44.2500	9.6825								
44.3700	10.0590								
44.5000	10.3500								
44.6200	10.6050								
44.7500	10.7625								
44.8700	10.9245								
45.0000	10.9515								
45.1300	10.9455								
45.2500	11.0685								
45.3800	11.0040								
45.5000	11.0565								
45.6300	10.9980								
45.7500	11.0790								
45.8800	11.0640								
46.0000	11.1285								
46.1300	11.1585								
46.2500	11.2740								
46.3800	11.4225								
46.5000	11.6205								
46.6300	11.8425								
46.7600	12.0960								
46.8800	12.3180								
47.0100	12.6360								
47.1300	12.7575								
47.2600	12.8640								
47.3800	12.9600								
47.5100	12.8130								
47.6300	12.6000								
47.7600	12.2010								
47.8800	11.7630								
48.0100	11.2890								
48.1300	10.7475								
48.2600	10.2360								
48.3800	9.5175								
48.5100	9.0030								
48.6400	8.4450								
48.7600	8.0115								
48.8900	7.5675								
49.0100	7.0095								
49.1400	6.6285								
49.2600	6.3030								
49.3900	5.9775								
49.5100	5.6910								
49.6400	5.3670								
49.7600	5.1240								
49.8900	4.9440								
50.0100	4.6950								
50.1400	4.4700								
50.2600	4.2540								
50.3900	4.1310								
50.5200	3.9540								
50.6400	3.7980								
50.7700	3.6420								
50.8900	3.5190								
51.0200	3.3855								
51.1400	3.2655								
51.2700	3.1350								
51.3900	2.9910								
51.5200	2.8710								
51.6400	2.8725								
51.7700	2.7180								
51.8900	2.6370								
52.0200	2.5425								
52.1500	2.5080								
52.2700	2.4030								
52.4000	2.3325								
52.5200	2.3220								
52.6500	2.2575								
52.7700	2.1930								
52.9000	2.1600								
53.0200	2.1150								
53.1500	2.0475								
53.2700	1.9800								
53.4000	1.9785								
53.5200	1.9575								
53.6500	1.9230								
53.7700	1.9005								
53.9000	1.8885								
54.0300	1.8375								
54.1500	1.8030								
54.2800	1.7880								
54.4000	1.7430								
54.5300	1.7805								
54.6500	1.7355								
54.7800	1.7040								
54.9000	1.6845								
55.0300	1.6815								
55.1500	1.6335								
55.2800	1.6380								
55.4000	1.6395								
55.5300	1.6005								
55.6500	1.5945								
55.7800	1.6020								
55.9100	1.5540								
56.0300	1.5240								
56.1600	1.5675								
56.2800	1.5195								
56.4100	1.5360								
56.5300	1.5465								
56.6600	1.4895								
56.7800	1.4880								
56.9100	1.5120								
57.0300	1.5270								
57.1600	1.5330								
57.2800	1.5330								
57.4100	1.5600								
57.5400	1.5330								
57.6600	1.5435								
57.7900	1.5270								
57.9100	1.5825								
58.0400	1.5975								
58.1600	1.5930								
58.2900	1.6050								
58.4100	1.6365								
58.5400	1.7070								
58.6600	1.7010								
58.7900	1.7685								
58.9100	1.8015								
59.0400	1.8765								
59.1600	1.9035								
59.2900	1.9650								
59.4200	2.0550								
59.5400	2.0775								
59.6700	2.1495								
59.7900	2.2470								
59.9200	2.2920								
60.0400	2.3640								
60.1700	2.4690								
60.2900	2.4960								
60.4200	2.6085								
60.5400	2.7090								
60.6700	2.7030								
60.7900	2.8065								
60.9200	2.8875								
61.0400	2.9385								
61.1700	3.0660								
61.3000	3.1050								
61.4200	3.1710								
61.5500	3.2550								
61.6700	3.3360								
61.8000	3.3660								
61.9200	3.4440								
62.0500	3.4800								
62.1700	3.5400								
62.3000	3.6180								
62.4200	3.6540								
62.5500	3.6555								
62.6700	3.7305								
62.8000	3.7935								
62.9300	3.7755								
63.0500	3.8445								
63.1800	3.8685								
63.3000	3.8895								
63.4300	3.9615								
63.5500	3.9165								
63.6800	3.9825								
63.8000	3.9855								
63.9300	3.9750								
64.0500	3.9840								
64.1800	4.0575								
64.3000	4.0440								
64.4300	4.0530								
64.5500	4.0860								
64.6800	4.0470								
64.8100	4.0965								
64.9300	4.1325								
65.0600	4.1055								
65.1800	4.1610								
65.3100	4.0950								
65.4300	4.1400								
65.5600	4.1415								
65.6800	4.2420								
65.8100	4.1580								
65.9300	4.1805								
66.0600	4.2255								
66.1800	4.2420								
66.3100	4.2885								
66.4300	4.2705								
66.5600	4.3035								
66.6900	4.3440								
66.8100	4.3815								
66.9400	4.4355								
67.0600	4.4760								
67.1900	4.5045								
67.3100	4.5240								
67.4400	4.6365								
67.5600	4.5990								
67.6900	4.6755								
67.8100	4.7505								
67.9400	4.7640								
68.0600	4.8870								
68.1900	5.0100								
68.3200	5.0445								
68.4400	5.1060								
68.5700	5.2245								
68.6900	5.2485								
68.8200	5.3655								
68.9400	5.4585								
69.0700	5.5710								
69.1900	5.6700								
69.3200	5.7975								
69.4400	5.8530								
69.5700	6.0240								
69.6900	6.2430								
69.8200	6.2385								
69.9400	6.4290								
70.0700	6.5745								
70.2000	6.7230								
70.3200	6.9420								
70.4500	7.0620								
70.5700	7.2180								
70.7000	7.4100								
70.8200	7.6590								
70.9500	7.7700								
71.0700	7.9560								
71.2000	8.1045								
71.3200	8.3520								
71.4500	8.6475								
71.5700	8.7465								
71.7000	8.9520								
71.8200	9.1845								
71.9500	9.4410								
72.0800	9.6525								
72.2000	9.8595								
72.3300	10.0650								
72.4500	10.3635								
72.5800	10.6710								
72.7000	10.7895								
72.8300	10.9575								
72.9500	11.2110								
73.0800	11.4540								
73.2000	11.7165								
73.3300	11.9475								
73.4500	12.0270								
73.5800	12.3810								
73.7100	12.7650								
73.8300	12.8355								
73.9600	13.0275								
74.0800	13.2645								
74.2100	13.4760								
74.3300	13.7790								
74.4600	13.9035								
74.5800	14.0085								
74.7100	14.3535								
74.8300	14.6295								
74.9600	14.7300								
75.0800	14.9460								
75.2100	15.1095								
75.3300	15.3780								
75.4600	15.6870								
75.5900	15.7425								
75.7100	15.8685								
75.8400	16.1910								
75.9600	16.3845								
76.0900	16.5690								
76.2100	16.7775								
76.3400	16.9425								
76.4600	17.2005								
76.5900	17.5335								
76.7100	17.5575								
76.8400	17.8035								
76.9600	18.0285								
77.0900	18.2100								
77.2100	18.5025								
77.3400	18.7380								
77.4700	18.8820								
77.5900	19.2300								
77.7200	19.6560								
77.8400	19.7895								
77.9700	20.0445								
78.0900	20.3700								
78.2200	20.7465								
78.3400	21.2925								
78.4700	21.5640								
78.5900	21.8520								
78.7200	22.5240								
78.8400	23.1345								
78.9700	23.5785								
79.1000	24.1545								
79.2200	24.7635								
79.3500	25.5720								
79.4700	26.6175								
79.6000	27.1650								
79.7200	27.9315								
79.8500	29.1945								
79.9700	30.3090								
80.1000	31.4280								
80.2200	32.6760								
80.3500	33.7890								
80.4700	35.5065								
80.6000	37.3065								
80.7200	38.4855								
80.8500	39.9720								
80.9800	42.0240								
81.1000	43.9890								
81.2300	45.9975								
81.3500	47.8815								
81.4800	49.5195								
81.6000	52.2375								
81.7300	54.9345								
81.8500	56.5710								
81.9800	58.8060								
82.1000	61.3260								
82.2300	63.7785								
82.3500	66.4680								
82.4800	68.3685								
82.6000	70.3545								
82.7300	73.1595								
82.8600	76.1160								
82.9800	77.5590								
83.1100	79.9500								
83.2300	81.7065								
83.3600	83.7690								
83.4800	86.3820								
83.6100	87.1890								
83.7300	88.7235								
83.8600	90.6225								
83.9800	92.2365								
84.1100	93.2115								
84.2300	94.6590								
84.3600	95.1165								
84.4800	96.2565								
84.6100	97.8270								
84.7400	97.2495								
84.8600	98.3340								
84.9900	98.6310								
85.1100	98.6340								
85.2400	99.0135								
85.3600	99.3690								
85.4900	98.9250								
85.6100	98.9130								
85.7400	99.4965								
85.8600	98.0520								
85.9900	98.5950								
86.1100	98.0790								
86.2400	97.2285								
86.3700	97.2000								
86.4900	96.4020								
86.6200	95.8770								
86.7400	95.2305								
86.8700	94.8150								
86.9900	93.6270								
87.1200	93.5805								
87.2400	92.5560								
87.3700	91.5255								
87.4900	91.2240								
87.6200	89.9805								
87.7400	89.3430								
87.8700	88.2915								
87.9900	87.2190								
88.1200	86.2830								
88.2500	85.6500								
88.3700	84.4860								
88.5000	83.2110								
88.6200	82.4985								
88.7500	80.9760								
88.8700	80.2650								
89.0000	79.0200								
89.1200	77.5365								
89.2500	76.4490								
89.3700	75.3705								
89.5000	74.0175								
89.6200	72.5745								
89.7500	71.5080								
89.8700	70.0080								
90.0000	69.0000								
90.1300	67.6110								
90.2500	65.9205								
90.3800	64.9290								
90.5000	63.4395								
90.6300	62.1570								
90.7500	60.6210								
90.8800	59.3310								
91.0000	57.9720								
91.1300	56.9355								
91.2500	55.4070								
91.3800	53.6895								
91.5000	52.8390								
91.6300	51.2475								
91.7600	50.2440								
91.8800	48.6915								
92.0100	47.2200								
92.1300	45.9810								
92.2600	44.9340								
92.3800	43.7205								
92.5100	42.1530								
92.6300	41.1600								
92.7600	39.7740								
92.8800	39.0630								
93.0100	37.7355								
93.1300	36.3750								
93.2600	35.2500								
93.3800	34.3140								
93.5100	33.4020								
93.6400	32.0415								
93.7600	31.1565								
93.8900	30.0750								
94.0100	29.4330								
94.1400	28.4070								
94.2600	27.2130								
94.3900	26.6865								
94.5100	25.6950								
94.6400	25.0530								
94.7600	24.0285								
94.8900	23.2350								
95.0100	22.4715								
95.1400	22.0605								
95.2600	21.2760								
95.3900	20.3445								
95.5200	19.9530								
95.6400	19.1880								
95.7700	18.8445								
95.8900	17.9730								
96.0200	17.2890								
96.1400	16.7835								
96.2700	16.3785								
96.3900	15.9015								
96.5200	15.2460								
96.6400	14.7510								
96.7700	14.3235								
96.8900	14.0235								
97.0200	13.5270								
97.1500	13.0500								
97.2700	12.6585								
97.4000	12.3675								
97.5200	12.0780								
97.6500	11.6115								
97.7700	11.2350								
97.9000	11.0040								
98.0200	10.7550								
98.1500	10.4370								
98.2700	10.1160								
98.4000	9.8115								
98.5200	9.6195								
98.6500	9.3690								
98.7700	9.0570								
98.9000	8.7930								
99.0300	8.6595								
99.1500	8.4675								
99.2800	8.2260								
99.4000	8.0490								
99.5300	7.8570								
99.6500	7.7415								
99.7800	7.5990								
99.9000	7.3845								
100.0300	7.2465								
100.1500	7.1385								
100.2800	7.0410								
100.4000	6.9885								
100.5300	6.8265								
100.6500	6.7320								
100.7800	6.6495								
100.9100	6.6270								
101.0300	6.4935								
101.1600	6.4530								
101.2800	6.3810								
101.4100	6.3645								
101.5300	6.3060								
101.6600	6.2160								
101.7800	6.1890								
101.9100	6.1500								
102.0300	6.1635								
102.1600	6.0720								
102.2800	6.0375								
102.4100	6.0135								
102.5400	5.9460								
102.6600	5.9430								
102.7900	5.8785								
102.9100	5.8590								
103.0400	5.7975								
103.1600	5.8380								
103.2900	5.7570								
103.4100	5.6730								
103.5400	5.6760								
103.6600	5.6160								
103.7900	5.5530								
103.9100	5.4915								
104.0400	5.4405								
104.1600	5.3760								
104.2900	5.3670								
104.4200	5.2830								
104.5400	5.1750								
104.6700	5.1810								
104.7900	5.0730								
104.9200	5.0925								
105.0400	5.0250								
105.1700	4.9470								
105.2900	4.8405								
105.4200	4.8510								
105.5400	4.8030								
105.6700	4.7235								
105.7900	4.7085								
105.9200	4.6065								
106.0400	4.6200								
106.1700	4.5480								
106.3000	4.5195								
106.4200	4.5030								
106.5500	4.4715								
106.6700	4.4370								
106.8000	4.3755								
106.9200	4.3890								
107.0500	4.3395								
107.1700	4.3680								
107.3000	4.3170								
107.4200	4.2555								
107.5500	4.3380								
107.6700	4.2585								
107.8000	4.3050								
107.9300	4.2555								
108.0500	4.2345								
108.1800	4.2165								
108.3000	4.3065								
108.4300	4.2960								
108.5500	4.2405								
108.6800	4.2975								
108.8000	4.2315								
108.9300	4.2675								
109.0500	4.2885								
109.1800	4.2840								
109.3000	4.2585								
109.4300	4.3155								
109.5500	4.2375								
109.6800	4.2375								
109.8100	4.2120								
109.9300	4.1760								
110.0600	4.1925								
110.1800	4.1790								
110.3100	4.1130								
110.4300	4.0590								
110.5600	4.0155								
110.6800	3.9615								
110.8100	3.9150								
110.9300	3.8610								
111.0600	3.7560								
111.1800	3.7215								
111.3100	3.6435								
111.4300	3.5355								
111.5600	3.5295								
111.6900	3.4545								
111.8100	3.3930								
111.9400	3.2850								
112.0600	3.2295								
112.1900	3.1290								
112.3100	3.0900								
112.4400	2.9940								
112.5600	2.9130								
112.6900	2.8305								
112.8100	2.8005								
112.9400	2.7285								
113.0600	2.6730								
113.1900	2.5905								
113.3200	2.5470								
113.4400	2.5305								
113.5700	2.4255								
113.6900	2.4030								
113.8200	2.3355								
113.9400	2.3115								
114.0700	2.2800								
114.1900	2.2785								
114.3200	2.3370								
114.4400	2.1585								
114.5700	2.1045								
114.6900	2.1090								
114.8200	2.1075								
114.9400	2.1465								
115.0700	2.1150								
115.2000	2.1465								
115.3200	1.9800								
115.4500	2.0280								
115.5700	2.0370								
115.7000	2.0085								
115.8200	2.0190								
115.9500	1.9875								
116.0700	2.0025								
116.2000	1.9350								
116.3200	1.8750								
116.4500	1.8270								
116.5700	1.7865								
116.7000	1.7805								
116.8200	1.7055								
116.9500	1.7190								
117.0800	1.6950								
117.2000	1.6905								
117.3300	1.6680								
117.4500	1.6320								
117.5800	1.5825								
117.7000	1.5690								
117.8300	1.5255								
117.9500	1.5435								
118.0800	1.5645								
118.2000	1.4715								
118.3300	1.4580								
118.4500	1.4550								
118.5800	1.4160								
118.7100	1.4310								
118.8300	1.4535								
118.9600	1.4640								
119.0800	1.3995								
119.2100	1.4355								
119.3300	1.4505								
119.4600	1.4100								
119.5800	1.4685								
119.7100	1.5165								
119.8300	1.3395								
119.9600	1.3650								
									
									
0.0000							0.28620		
0.1300							0.55120		
0.2500							0.35245		
0.3800							0.57770		
0.5000							2.62085		
0.6300							2.43535		
0.7500							2.65000		
0.8800							2.05905		
1.0000							1.68805		
1.1300							1.40450		
1.2500							1.21900		
1.3800							1.15540		
1.5000							1.13950		
1.6300							0.94075		
1.7500							0.94870		
1.8800							0.82415		
2.0100							0.79235		
2.1300							0.76320		
2.2600							0.74995		
2.3800							0.67575		
2.5100							0.72875		
2.6300							0.63865		
2.7600							0.62805		
2.8800							0.62275		
3.0100							0.56710		
3.1300							0.60420		
3.2600							0.55650		
3.3800							0.51145		
3.5100							0.54855		
3.6300							0.58830		
3.7600							0.50085		
3.8900							0.48230		
4.0100							0.49025		
4.1400							0.46905		
4.2600							0.47965		
4.3900							0.43460		
4.5100							0.40545		
4.6400							0.43725		
4.7600							0.42135		
4.8900							0.44255		
5.0100							0.38690		
5.1400							0.36040		
5.2600							0.32330		
5.3900							0.38690		
5.5100							0.32595		
5.6400							0.30475		
5.7700							0.34450		
5.8900							0.28620		
6.0200							0.24910		
6.1400							0.28620		
6.2700							0.28885		
6.3900							0.27295		
6.5200							0.30210		
6.6400							0.25440		
6.7700							0.28355		
6.8900							0.28885		
7.0200							0.22260		
7.1400							0.29150		
7.2700							0.19345		
7.4000							0.22525		
7.5200							0.22260		
7.6500							0.20405		
7.7700							0.15635		
7.9000							0.22790		
8.0200							0.18815		
8.1500							0.17225		
8.2700							0.20670		
8.4000							0.15105		
8.5200							0.18020		
8.6500							0.19610		
8.7700							0.15635		
8.9000							0.14575		
9.0200							0.13250		
9.1500							0.15370		
9.2800							0.09540		
9.4000							0.08745		
9.5300							0.16430		
9.6500							0.10335		
9.7800							0.10600		
9.9000							0.08480		
10.0300							0.11130		
10.1500							0.05035		
10.2800							0.15370		
10.4000							0.03975		
10.5300							0.06890		
10.6500							0.11925		
10.7800							0.07950		
10.9000							0.07155		
11.0300							0.09275		
11.1600							0.06625		
11.2800							0.02385		
11.4100							0.00265		
11.5300							0.02385		
11.6600							0.00000		
11.7800							-0.02915		
11.9100							0.01325		
12.0300							0.00530		
12.1600							-0.00530		
12.2800							-0.00795		
12.4100							-0.01325		
12.5300							0.00000		
12.6600							0.02915		
12.7800							-0.03710		
12.9100							-0.01060		
13.0400							-0.03975		
13.1600							-0.00795		
13.2900							-0.01060		
13.4100							-0.07685		
13.5400							-0.01060		
13.6600							-0.02120		
13.7900							-0.08745		
13.9100							-0.12985		
14.0400							-0.06360		
14.1600							-0.10070		
14.2900							-0.12985		
14.4100							-0.12455		
14.5400							-0.12455		
14.6600							-0.12720		
14.7900							-0.15635		
14.9200							-0.12720		
15.0400							-0.16165		
15.1700							-0.17225		
15.2900							-0.14045		
15.4200							-0.14575		
15.5400							-0.19080		
15.6700							-0.18285		
15.7900							-0.20935		
15.9200							-0.14575		
16.0400							-0.23055		
16.1700							-0.23055		
16.2900							-0.21995		
16.4200							-0.21200		
16.5400							-0.24645		
16.6700							-0.17490		
16.8000							-0.18020		
16.9200							-0.20670		
17.0500							-0.19610		
17.1700							-0.23585		
17.3000							-0.26500		
17.4200							-0.18285		
17.5500							-0.21200		
17.6700							-0.25440		
17.8000							-0.24115		
17.9200							-0.24645		
18.0500							-0.29680		
18.1700							-0.28090		
18.3000							-0.28620		
18.4300							-0.22260		
18.5500							-0.27825		
18.6800							-0.28620		
18.8000							-0.27825		
18.9300							-0.28355		
19.0500							-0.23585		
19.1800							-0.25440		
19.3000							-0.28885		
19.4300							-0.22260		
19.5500							-0.29150		
19.6800							-0.24645		
19.8000							-0.28885		
19.9300							-0.31270		
20.0500							-0.24910		
20.1800							-0.31270		
20.3100							-0.25175		
20.4300							-0.25705		
20.5600							-0.29150		
20.6800							-0.30740		
20.8100							-0.31800		
20.9300							-0.30740		
21.0600							-0.29680		
21.1800							-0.40015		
21.3100							-0.30740		
21.4300							-0.33125		
21.5600							-0.27030		
21.6800							-0.31005		
21.8100							-0.31800		
21.9300							-0.28885		
22.0600							-0.28885		
22.1900							-0.33655		
22.3100							-0.38160		
22.4400							-0.27030		
22.5600							-0.33390		
22.6900							-0.27560		
22.8100							-0.31535		
22.9400							-0.34185		
23.0600							-0.32330		
23.1900							-0.32860		
23.3100							-0.33125		
23.4400							-0.30475		
23.5600							-0.28355		
23.6900							-0.32330		
23.8100							-0.33390		
23.9400							-0.34715		
24.0700							-0.34715		
24.1900							-0.31535		
24.3200							-0.38955		
24.4400							-0.37100		
24.5700							-0.32065		
24.6900							-0.35510		
24.8200							-0.38160		
24.9400							-0.33390		
25.0700							-0.37100		
25.1900							-0.37895		
25.3200							-0.33655		
25.4400							-0.34450		
25.5700							-0.31535		
25.6900							-0.37895		
25.8200							-0.38160		
25.9500							-0.37630		
26.0700							-0.41605		
26.2000							-0.34450		
26.3200							-0.35510		
26.4500							-0.38690		
26.5700							-0.37630		
26.7000							-0.34980		
26.8200							-0.38425		
26.9500							-0.37630		
27.0700							-0.43990		
27.2000							-0.42930		
27.3200							-0.41605		
27.4500							-0.41340		
27.5700							-0.40015		
27.7000							-0.42135		
27.8300							-0.46905		
27.9500							-0.46640		
28.0800							-0.49820		
28.2000							-0.48760		
28.3300							-0.45050		
28.4500							-0.46905		
28.5800							-0.49025		
28.7000							-0.50880		
28.8300							-0.44255		
28.9500							-0.42400		
29.0800							-0.42400		
29.2000							-0.46110		
29.3300							-0.46640		
29.4600							-0.40280		
29.5800							-0.47170		
29.7100							-0.44255		
29.8300							-0.49820		
29.9600							-0.48760		
30.0800							-0.50615		
30.2100							-0.50615		
30.3300							-0.44255		
30.4600							-0.46905		
30.5800							-0.45845		
30.7100							-0.43990		
30.8300							-0.49820		
30.9600							-0.48760		
31.0800							-0.42665		
31.2100							-0.43460		
31.3400							-0.47170		
31.4600							-0.52470		
31.5900							-0.49290		
31.7100							-0.49820		
31.8400							-0.48760		
31.9600							-0.48495		
32.0900							-0.44255		
32.2100							-0.55385		
32.3400							-0.54855		
32.4600							-0.46110		
32.5900							-0.48760		
32.7100							-0.42400		
32.8400							-0.43195		
32.9600							-0.51145		
33.0900							-0.41075		
33.2200							-0.46905		
33.3400							-0.51410		
33.4700							-0.47435		
33.5900							-0.51410		
33.7200							-0.51675		
33.8400							-0.45050		
33.9700							-0.44785		
34.0900							-0.50350		
34.2200							-0.44520		
34.3400							-0.42665		
34.4700							-0.48495		
34.5900							-0.40810		
34.7200							-0.45050		
34.8400							-0.46375		
34.9700							-0.47170		
35.1000							-0.43990		
35.2200							-0.43725		
35.3500							-0.44520		
35.4700							-0.42930		
35.6000							-0.49025		
35.7200							-0.48760		
35.8500							-0.43195		
35.9700							-0.46905		
36.1000							-0.48230		
36.2200							-0.35775		
36.3500							-0.40810		
36.4700							-0.46375		
36.6000							-0.41075		
36.7200							-0.43460		
36.8500							-0.50085		
36.9800							-0.42665		
37.1000							-0.35775		
37.2300							-0.40810		
37.3500							-0.39485		
37.4800							-0.38425		
37.6000							-0.37365		
37.7300							-0.45315		
37.8500							-0.45580		
37.9800							-0.35245		
38.1000							-0.42665		
38.2300							-0.40015		
38.3500							-0.37630		
38.4800							-0.40280		
38.6000							-0.40810		
38.7300							-0.42930		
38.8600							-0.36835		
38.9800							-0.39485		
39.1100							-0.40545		
39.2300							-0.39220		
39.3600							-0.39220		
39.4800							-0.34715		
39.6100							-0.37630		
39.7300							-0.34185		
39.8600							-0.32065		
39.9800							-0.31270		
40.1100							-0.28620		
40.2300							-0.28355		
40.3600							-0.19610		
40.4800							-0.23585		
40.6100							-0.20670		
40.7400							-0.16960		
40.8600							-0.13780		
40.9900							-0.11395		
41.1100							-0.07950		
41.2400							-0.09275		
41.3600							-0.05300		
41.4900							-0.02650		
41.6100							-0.08215		
41.7400							-0.03445		
41.8600							-0.02120		
41.9900							-0.05300		
42.1100							-0.05035		
42.2400							0.01060		
42.3700							-0.10070		
42.4900							-0.17225		
42.6200							-0.10600		
42.7400							-0.16165		
42.8700							-0.11130		
42.9900							-0.11925		
43.1200							-0.11925		
43.2400							-0.18815		
43.3700							-0.22790		
43.4900							-0.19610		
43.6200							-0.20405		
43.7400							-0.22790		
43.8700							-0.30475		
43.9900							-0.29945		
44.1200							-0.29150		
44.2500							-0.28355		
44.3700							-0.28355		
44.5000							-0.32065		
44.6200							-0.26765		
44.7500							-0.34715		
44.8700							-0.40280		
45.0000							-0.29945		
45.1200							-0.31005		
45.2500							-0.33125		
45.3700							-0.36570		
45.5000							-0.29415		
45.6200							-0.36570		
45.7500							-0.34715		
45.8700							-0.39750		
46.0000							-0.24910		
46.1300							-0.32330		
46.2500							-0.33655		
46.3800							-0.31800		
46.5000							-0.36305		
46.6300							-0.31270		
46.7500							-0.35775		
46.8800							-0.32595		
47.0000							-0.31800		
47.1300							-0.33655		
47.2500							-0.32065		
47.3800							-0.33390		
47.5000							-0.30475		
47.6300							-0.32330		
47.7500							-0.36305		
47.8800							-0.31535		
48.0100							-0.32330		
48.1300							-0.30210		
48.2600							-0.29415		
48.3800							-0.27825		
48.5100							-0.28355		
48.6300							-0.29680		
48.7600							-0.29415		
48.8800							-0.21465		
49.0100							-0.31535		
49.1300							-0.23585		
49.2600							-0.28090		
49.3800							-0.30210		
49.5100							-0.25175		
49.6300							-0.18815		
49.7600							-0.21465		
49.8900							-0.19345		
50.0100							-0.14575		
50.1400							-0.09275		
50.2600							-0.12190		
50.3900							-0.13780		
50.5100							-0.07420		
50.6400							-0.05035		
50.7600							-0.07420		
50.8900							0.00530		
51.0100							0.04240		
51.1400							0.08480		
51.2600							0.10070		
51.3900							0.18020		
51.5100							0.19610		
51.6400							0.28885		
51.7700							0.29680		
51.8900							0.33125		
52.0200							0.40280		
52.1400							0.48760		
52.2700							0.56180		
52.3900							0.67840		
52.5200							0.70755		
52.6400							0.74730		
52.7700							0.89040		
52.8900							0.99375		
53.0200							1.05470		
53.1400							1.13420		
53.2700							1.18455		
53.4000							1.32765		
53.5200							1.57145		
53.6500							1.61120		
53.7700							1.69070		
53.9000							1.83910		
54.0200							1.97955		
54.1500							2.09880		
54.2700							2.26045		
54.4000							2.40620		
54.5200							2.56785		
54.6500							2.80370		
54.7700							2.92030		
54.9000							3.07930		
55.0200							3.34430		
55.1500							3.41320		
55.2800							3.75770		
55.4000							3.89550		
55.5300							4.08895		
55.6500							4.41490		
55.7800							4.60835		
55.9000							4.75410		
56.0300							5.06945		
56.1500							5.38480		
56.2800							5.48550		
56.4000							5.85385		
56.5300							6.14005		
56.6500							6.29110		
56.7800							6.72040		
56.9000							6.98010		
57.0300							7.35375		
57.1600							7.60815		
57.2800							7.87315		
57.4100							8.25210		
57.5300							8.67345		
57.6600							9.01265		
57.7800							9.30945		
57.9100							9.75200		
58.0300							9.99315		
58.1600							10.46750		
58.2800							10.83055		
58.4100							11.19890		
58.5300							11.57255		
58.6600							12.02835		
58.7800							12.39140		
58.9100							12.84190		
59.0400							13.37985		
59.1600							13.52560		
59.2900							14.04500		
59.4100							14.50610		
59.5400							14.81880		
59.6600							15.36470		
59.7900							15.76220		
59.9100							16.03250		
60.0400							16.56780		
60.1600							17.06600		
60.2900							17.14815		
60.4100							17.72055		
60.5400							18.23995		
60.6600							18.33270		
60.7900							18.91835		
60.9200							19.12505		
61.0400							19.54905		
61.1700							19.90680		
61.2900							20.16385		
61.4200							20.42885		
61.5400							20.77070		
61.6700							21.20530		
61.7900							21.31130		
61.9200							21.72470		
62.0400							21.77505		
62.1700							22.08775		
62.2900							22.43755		
62.4200							22.49055		
62.5400							22.80590		
62.6700							22.88540		
62.8000							23.16365		
62.9200							23.28555		
63.0500							23.60090		
63.1700							23.63800		
63.3000							23.77580		
63.4200							24.24750		
63.5500							24.23425		
63.6700							24.60260		
63.8000							24.69270		
63.9200							25.02660		
64.0500							25.33665		
64.1700							25.67850		
64.3000							25.87460		
64.4300							26.22970		
64.5500							26.86040		
64.6800							27.09890		
64.8000							27.86210		
64.9300							28.20130		
65.0500							28.86380		
65.1800							29.66940		
65.3000							30.27360		
65.4300							31.07920		
65.5500							32.14185		
65.6800							33.17800		
65.8000							34.14260		
65.9300							35.74850		
66.0500							36.61505		
66.1800							38.27660		
66.3100							39.65195		
66.4300							41.14390		
66.5600							42.88230		
66.6800							44.79295		
66.8100							46.35115		
66.9300							48.26710		
67.0600							50.95685		
67.1800							51.95325		
67.3100							54.68540		
67.4300							56.66230		
67.5600							58.63920		
67.6800							61.41110		
67.8100							63.76165		
67.9300							65.29335		
68.0600							67.70750		
68.1900							70.76825		
68.3100							71.71960		
68.4400							75.01620		
68.5600							76.74400		
68.6900							78.39760		
68.8100							81.34440		
68.9400							82.75155		
69.0600							84.51115		
69.1900							86.22040		
69.3100							87.56925		
69.4400							88.69020		
69.5600							90.94270		
69.6900							92.24385		
69.8100							92.58305		
69.9400							94.43275		
70.0700							94.33735		
70.1900							95.71005		
70.3200							96.29570		
70.4400							96.41495		
70.5700							96.86015		
70.6900							97.18610		
70.8200							97.73995		
70.9400							97.10660		
71.0700							97.45905		
71.1900							96.26655		
71.3200							96.35665		
71.4400							96.56070		
71.5700							95.10585		
71.6900							94.96275		
71.8200							93.78085		
71.9500							93.51055		
72.0700							92.32335		
72.2000							91.05930		
72.3200							90.04965		
72.4500							88.51530		
72.5700							88.47555		
72.7000							86.18065		
72.8200							85.32735		
72.9500							83.75590		
73.0700							82.69325		
73.2000							81.36295		
73.3200							79.22440		
73.4500							78.31015		
73.5700							75.79265		
73.7000							75.67075		
73.8300							73.22480		
73.9500							71.72755		
74.0800							70.41050		
74.2000							68.51575		
74.3300							67.41865		
74.4500							65.15290		
74.5800							64.34730		
74.7000							61.67875		
74.8300							61.35280		
74.9500							59.30700		
75.0800							57.15255		
75.2000							56.59340		
75.3300							54.38595		
75.4500							53.60420		
75.5800							51.74920		
75.7100							50.76870		
75.8300							48.52680		
75.9600							48.13195		
76.0800							46.43330		
76.2100							44.26560		
76.3300							44.08805		
76.4600							41.75340		
76.5800							41.49105		
76.7100							39.87720		
76.8300							38.64230		
76.9600							37.51870		
77.0800							36.51170		
77.2100							35.51795		
77.3400							34.02600		
77.4600							34.00745		
77.5900							32.03055		
77.7100							31.94575		
77.8400							30.84335		
77.9600							29.88405		
78.0900							29.25070		
78.2100							28.32055		
78.3400							27.86210		
78.4600							26.85510		
78.5900							26.65635		
78.7100							25.29425		
78.8400							25.39760		
78.9600							24.54960		
79.0900							23.76785		
79.2200							23.57175		
79.3400							22.90660		
79.4700							22.75820		
79.5900							22.11425		
79.7200							21.96585		
79.8400							21.23975		
79.9700							21.48885		
80.0900							21.07545		
80.2200							20.60905		
80.3400							20.78925		
80.4700							20.38910		
80.5900							20.63025		
80.7200							20.32550		
80.8400							20.49245		
80.9700							20.32285		
81.1000							20.60640		
81.2200							20.75215		
81.3500							20.72830		
81.4700							21.08340		
81.6000							21.03305		
81.7200							21.41465		
81.8500							21.57365		
81.9700							21.96055		
82.1000							22.01620		
82.2200							22.47730		
82.3500							22.81650		
82.4700							22.99140		
82.6000							23.52935		
82.7200							23.74135		
82.8500							24.09910		
82.9800							24.38530		
83.1000							24.83315		
83.2300							24.85965		
83.3500							25.33135		
83.4800							25.59900		
83.6000							25.65730		
83.7300							26.13695		
83.8500							26.22970		
83.9800							26.35160		
84.1000							26.48675		
84.2300							26.72790		
84.3500							26.62455		
84.4800							26.71465		
84.6000							26.92135		
84.7300							26.74115		
84.8600							26.84450		
84.9800							26.57685		
85.1100							26.62190		
85.2300							26.46820		
85.3600							26.29595		
85.4800							26.17405		
85.6100							25.85605		
85.7300							25.83750		
85.8600							25.42410		
85.9800							25.31280		
86.1100							24.88615		
86.2300							24.72450		
86.3600							24.54165		
86.4800							24.04345		
86.6100							23.85000		
86.7400							23.39685		
86.8600							23.32000		
86.9900							22.82180		
87.1100							22.49850		
87.2400							22.31300		
87.3600							21.87310		
87.4900							21.68495		
87.6100							21.15760		
87.7400							21.01450		
87.8600							20.42885		
87.9900							20.37585		
88.1100							19.99425		
88.2400							19.48280		
88.3700							19.33175		
88.4900							18.78850		
88.6200							18.75140		
88.7400							18.28235		
88.8700							18.05710		
88.9900							17.71260		
89.1200							17.51385		
89.2400							17.21970		
89.3700							16.91760		
89.4900							16.72945		
89.6200							16.16765		
89.7400							16.18090		
89.8700							15.77280		
89.9900							15.50515		
90.1200							15.27725		
90.2500							15.03610		
90.3700							14.85325		
90.5000							14.50875		
90.6200							14.48225		
90.7500							14.05560		
90.8700							14.14835		
91.0000							13.81445		
91.1200							13.53885		
91.2500							13.44610		
91.3700							13.13075		
91.5000							13.11220		
91.6200							12.78890		
91.7500							12.70145		
91.8700							12.38875		
92.0000							12.34105		
92.1300							12.11845		
92.2500							11.77130		
92.3800							11.66265		
92.5000							11.42150		
92.6300							11.41355		
92.7500							11.06375		
92.8800							10.99485		
93.0000							10.66095		
93.1300							10.60265		
93.2500							10.40390		
93.3800							10.02760		
93.5000							9.98255		
93.6300							9.65395		
93.7500							9.60625		
93.8800							9.32535		
94.0100							9.13455		
94.1300							8.83510		
94.2600							8.74500		
94.3800							8.55950		
94.5100							8.24150		
94.6300							8.14610		
94.7600							7.87580		
94.8800							7.73005		
95.0100							7.40410		
95.1300							7.23980		
95.2600							7.01720		
95.3800							6.86615		
95.5100							6.75220		
95.6300							6.40240		
95.7600							6.34940		
95.8900							6.04465		
96.0100							5.97575		
96.1400							5.70280		
96.2600							5.42455		
96.3900							5.38215		
96.5100							5.07740		
96.6400							5.05090		
96.7600							4.78855		
96.8900							4.61630		
97.0100							4.40960		
97.1400							4.37250		
97.2600							4.16315		
97.3900							3.99355		
97.5100							3.96440		
97.6400							3.70735		
97.7700							3.68880		
97.8900							3.53775		
98.0200							3.40790		
98.1400							3.23830		
98.2700							3.14820		
98.3900							3.05015		
98.5200							2.87260		
98.6400							2.88585		
98.7700							2.61820		
98.8900							2.58375		
99.0200							2.42210		
99.1400							2.38235		
99.2700							2.35055		
99.3900							2.17565		
99.5200							2.14120		
99.6500							1.97160		
99.7700							2.01930		
99.9000							1.84705		
100.0200							1.81260		
100.1500							1.70925		
100.2700							1.64300		
100.4000							1.60855		
100.5200							1.50255		
100.6500							1.45750		
100.7700							1.40450		
100.9000							1.41510		
101.0200							1.33295		
101.1500							1.26935		
101.2800							1.19250		
101.4000							1.10240		
101.5300							1.08385		
101.6500							1.00435		
101.7800							0.98580		
101.9000							0.93015		
102.0300							0.88510		
102.1500							0.82945		
102.2800							0.80030		
102.4000							0.78440		
102.5300							0.67575		
102.6500							0.68900		
102.7800							0.56445		
102.9000							0.68370		
103.0300							0.64660		
103.1600							0.53795		
103.2800							0.54590		
103.4100							0.53265		
103.5300							0.50880		
103.6600							0.49025		
103.7800							0.46905		
103.9100							0.37365		
104.0300							0.37895		
104.1600							0.38160		
104.2800							0.36040		
104.4100							0.40015		
104.5300							0.33655		
104.6600							0.30210		
104.7800							0.28090		
104.9100							0.31535		
105.0400							0.24380		
105.1600							0.25705		
105.2900							0.29945		
105.4100							0.22790		
105.5400							0.16430		
105.6600							0.15900		
105.7900							0.25175		
105.9100							0.13250		
106.0400							0.19345		
106.1600							0.09275		
106.2900							0.08215		
106.4100							0.12985		
106.5400							0.13780		
106.6600							0.13780		
106.7900							0.06360		
106.9200							0.10335		
107.0400							0.03445		
107.1700							0.03710		
107.2900							0.05035		
107.4200							0.03975		
107.5400							-0.00265		
107.6700							0.02120		
107.7900							0.04240		
107.9200							-0.03975		
108.0400							0.00265		
108.1700							-0.06625		
108.2900							-0.05830		
108.4200							-0.03180		
108.5400							-0.02385		
108.6700							-0.05830		
108.8000							-0.05035		
108.9200							-0.03445		
109.0500							-0.10865		
109.1700							0.00530		
109.3000							-0.04505		
109.4200							-0.05300		
109.5500							-0.02385		
109.6700							-0.05565		
109.8000							-0.01855		
109.9200							-0.00265		
110.0500							-0.05830		
110.1700							-0.11395		
110.3000							-0.06095		
110.4200							-0.11660		
110.5500							-0.03710		
110.6800							-0.06625		
110.8000							-0.10335		
110.9300							-0.02385		
111.0500							-0.08480		
111.1800							-0.09805		
111.3000							-0.10600		
111.4300							-0.04770		
111.5500							-0.09275		
111.6800							-0.09540		
111.8000							-0.09010		
111.9300							-0.05300		
112.0500							-0.05300		
112.1800							-0.05830		
112.3100							-0.08745		
112.4300							-0.11395		
112.5600							-0.11660		
112.6800							-0.12455		
112.8100							-0.11925		
112.9300							-0.13515		
113.0600							-0.06890		
113.1800							-0.15900		
113.3100							-0.12455		
113.4300							-0.12455		
113.5600							-0.13250		
113.6800							-0.19080		
113.8100							-0.09540		
113.9300							-0.22525		
114.0600							-0.20140		
114.1900							-0.16165		
114.3100							-0.26500		
114.4400							-0.16960		
114.5600							-0.20670		
114.6900							-0.17225		
114.8100							-0.19080		
114.9400							-0.22790		
115.0600							-0.17490		
115.1900							-0.27030		
115.3100							-0.29150		
115.4400							-0.26500		
115.5600							-0.26500		
115.6900							-0.26235		
115.8100							-0.29680		
115.9400							-0.31535		
116.0700							-0.22790		
116.1900							-0.37100		
116.3200							-0.30740		
116.4400							-0.35245		
116.5700							-0.30740		
116.6900							-0.33655		
116.8200							-0.32860		
116.9400							-0.33920		
117.0700							-0.35775		
117.1900							-0.33655		
117.3200							-0.32330		
117.4400							-0.38690		
117.5700							-0.34185		
117.6900							-0.39750		
117.8200							-0.38160		
117.9500							-0.45845		
118.0700							-0.43990		
118.2000									
118.3200									
118.4500									
118.5700									
118.7000									
118.8200									
118.9500									
119.0700									
119.2000									
119.3200									
119.4500									
119.5700									
119.7000									
119.8300									
119.9500									