"Vol (mL)"	CDIN1	CDIN1	CDIN1	Codanin-1	Codanin-1	Codanin-1	CDIN1-Codanin-1	CDIN1-Codanin-1	CDIN1-Codanin-1
0.00	-1.69								
0.12	-1.62								
0.25	-1.58								
0.37	-1.63								
0.50	-0.85								
0.62	-0.80								
0.75	-0.67								
0.87	-0.46								
1.00	-0.82								
1.12	-1.13								
1.24	-1.28								
1.37	-1.35								
1.49	-1.40								
1.62	-1.44								
1.74	-1.44								
1.87	-1.47								
1.99	-1.50								
2.12	-1.52								
2.24	-1.53								
2.37	-1.55								
2.49	-1.56								
2.61	-1.57								
2.74	-1.58								
2.86	-1.60								
2.99	-1.61								
3.11	-1.60								
3.24	-1.62								
3.36	-1.62								
3.49	-1.64								
3.61	-1.64								
3.73	-1.62								
3.86	-1.63								
3.98	-1.65								
4.11	-1.63								
4.23	-1.65								
4.36	-1.66								
4.48	-1.66								
4.61	-1.66								
4.73	-1.66								
4.86	-1.64								
4.98	-1.67								
5.10	-1.68								
5.23	-1.66								
5.35	-1.66								
5.48	-1.67								
5.60	-1.66								
5.73	-1.70								
5.85	-1.67								
5.98	-1.72								
6.10	-1.71								
6.22	-1.69								
6.35	-1.61								
6.47	-1.71								
6.60	-1.70								
6.72	-1.71								
6.85	-1.72								
6.97	-1.71								
7.10	-1.74								
7.22	-1.71								
7.35	-1.73								
7.47	-1.72								
7.59	-1.73								
7.72	-1.72								
7.84	-1.72								
7.97	-1.72								
8.09	-1.75								
8.22	-1.74								
8.34	-1.73								
8.47	-1.74								
8.59	-1.75								
8.71	-1.74								
8.84	-1.76								
8.96	-1.76								
9.09	-1.75								
9.21	-1.73								
9.34	-1.75								
9.46	-1.75								
9.59	-1.74								
9.71	-1.74								
9.84	-1.75								
9.96	-1.76								
10.08	-1.74								
10.21	-1.77								
10.33	-1.76								
10.46	-1.77								
10.58	-1.77								
10.71	-1.77								
10.83	-1.77								
10.96	-1.77								
11.08	-1.77								
11.20	-1.77								
11.33	-1.74								
11.45	-1.75								
11.58	-1.79								
11.70	-1.74								
11.83	-1.77								
11.95	-1.77								
12.08	-1.76								
12.20	-1.78								
12.33	-1.78								
12.45	-1.77								
12.57	-1.77								
12.70	-1.78								
12.82	-1.80								
12.95	-1.75								
13.07	-1.80								
13.20	-1.79								
13.32	-1.79								
13.45	-1.80								
13.57	-1.79								
13.69	-1.81								
13.82	-1.81								
13.94	-1.79								
14.07	-1.80								
14.19	-1.80								
14.32	-1.80								
14.44	-1.79								
14.57	-1.78								
14.69	-1.81								
14.81	-1.79								
14.94	-1.80								
15.06	-1.81								
15.19	-1.82								
15.31	-1.81								
15.44	-1.81								
15.56	-1.81								
15.69	-1.81								
15.81	-1.81								
15.94	-1.80								
16.06	-1.78								
16.18	-1.82								
16.31	-1.80								
16.43	-1.80								
16.56	-1.83								
16.68	-1.81								
16.81	-1.82								
16.93	-1.80								
17.06	-1.80								
17.18	-1.80								
17.30	-1.81								
17.43	-1.81								
17.55	-1.82								
17.68	-1.82								
17.80	-1.84								
17.93	-1.83								
18.05	-1.84								
18.18	-1.84								
18.30	-1.82								
18.43	-1.83								
18.55	-1.83								
18.67	-1.85								
18.80	-1.85								
18.92	-1.82								
19.05	-1.84								
19.17	-1.83								
19.30	-1.83								
19.42	-1.85								
19.55	-1.84								
19.67	-1.84								
19.79	-1.85								
19.92	-1.85								
20.04	-1.86								
20.17	-1.84								
20.29	-1.86								
20.42	-1.86								
20.54	-1.85								
20.67	-1.85								
20.79	-1.85								
20.92	-1.85								
21.04	-1.83								
21.16	-1.85								
21.29	-1.84								
21.41	-1.85								
21.54	-1.84								
21.66	-1.83								
21.79	-1.84								
21.91	-1.85								
22.04	-1.84								
22.16	-1.87								
22.28	-1.85								
22.41	-1.83								
22.53	-1.85								
22.66	-1.85								
22.78	-1.85								
22.91	-1.84								
23.03	-1.84								
23.16	-1.85								
23.28	-1.87								
23.41	-1.84								
23.53	-1.86								
23.65	-1.85								
23.78	-1.84								
23.90	-1.84								
24.03	-1.83								
24.15	-1.84								
24.28	-1.84								
24.40	-1.82								
24.53	-1.85								
24.65	-1.82								
24.77	-1.83								
24.90	-1.84								
25.02	-1.86								
25.15	-1.82								
25.27	-1.83								
25.40	-1.83								
25.52	-1.76								
25.65	-1.82								
25.77	-1.82								
25.89	-1.84								
26.02	-1.81								
26.14	-1.81								
26.27	-1.82								
26.39	-1.82								
26.52	-1.78								
26.64	-1.84								
26.77	-1.83								
26.89	-1.83								
27.02	-1.82								
27.14	-1.79								
27.26	-1.82								
27.39	-1.83								
27.51	-1.82								
27.64	-1.83								
27.76	-1.82								
27.89	-1.83								
28.01	-1.82								
28.14	-1.84								
28.26	-1.82								
28.38	-1.84								
28.51	-1.79								
28.63	-1.79								
28.76	-1.80								
28.88	-1.81								
29.01	-1.80								
29.13	-1.81								
29.26	-1.81								
29.38	-1.81								
29.51	-1.80								
29.63	-1.78								
29.75	-1.82								
29.88	-1.81								
30.00	-1.80								
30.13	-1.79								
30.25	-1.80								
30.38	-1.80								
30.50	-1.81								
30.63	-1.78								
30.75	-1.81								
30.87	-1.79								
31.00	-1.82								
31.12	-1.80								
31.25	-1.80								
31.37	-1.81								
31.50	-1.81								
31.62	-1.80								
31.75	-1.81								
31.87	-1.81								
32.00	-1.81								
32.12	-1.81								
32.24	-1.81								
32.37	-1.78								
32.49	-1.79								
32.62	-1.80								
32.74	-1.80								
32.87	-1.80								
32.99	-1.79								
33.12	-1.80								
33.24	-1.79								
33.36	-1.79								
33.49	-1.81								
33.61	-1.80								
33.74	-1.78								
33.86	-1.80								
33.99	-1.80								
34.11	-1.78								
34.24	-1.78								
34.36	-1.81								
34.49	-1.79								
34.61	-1.80								
34.73	-1.82								
34.86	-1.80								
34.98	-1.80								
35.11	-1.79								
35.23	-1.82								
35.36	-1.80								
35.48	-1.80								
35.61	-1.80								
35.73	-1.80								
35.85	-1.79								
35.98	-1.82								
36.10	-1.84								
36.23	-1.80								
36.35	-1.80								
36.48	-1.82								
36.60	-1.82								
36.73	-1.83								
36.85	-1.81								
36.98	-1.82								
37.10	-1.83								
37.22	-1.82								
37.35	-1.81								
37.47	-1.83								
37.60	-1.82								
37.72	-1.82								
37.85	-1.82								
37.97	-1.81								
38.10	-1.84								
38.22	-1.82								
38.34	-1.81								
38.47	-1.84								
38.59	-1.83								
38.72	-1.81								
38.84	-1.83								
38.97	-1.82								
39.09	-1.84								
39.22	-1.82								
39.34	-1.81								
39.46	-1.84								
39.59	-1.82								
39.71	-1.82								
39.84	-1.85								
39.96	-1.84								
40.09	-1.83								
40.21	-1.81								
40.34	-1.82								
40.46	-1.83								
40.59	-1.80								
40.71	-1.82								
40.83	-1.80								
40.96	-1.81								
41.08	-1.81								
41.21	-1.78								
41.33	-1.77								
41.46	-1.80								
41.58	-1.80								
41.71	-1.77								
41.83	-1.78								
41.95	-1.75								
42.08	-1.75								
42.20	-1.73								
42.33	-1.62								
42.45	-1.55								
42.58	-1.38								
42.70	-1.26								
42.83	-0.98								
42.95	-0.58								
43.08	-0.14								
43.20	0.45								
43.32	0.93								
43.45	1.94								
43.57	2.73								
43.70	3.73								
43.82	4.43								
43.95	5.38								
44.07	6.50								
44.20	7.27								
44.32	8.29								
44.44	8.68								
44.57	9.64								
44.69	10.28								
44.82	10.66								
44.94	11.00								
45.07	11.10								
45.19	11.60								
45.32	11.69								
45.44	11.80								
45.57	11.68								
45.69	11.88								
45.81	12.03								
45.94	11.94								
46.06	12.16								
46.19	11.99								
46.31	12.36								
46.44	12.60								
46.56	12.83								
46.69	12.94								
46.81	13.17								
46.93	13.45								
47.06	13.49								
47.18	13.69								
47.31	13.26								
47.43	13.15								
47.56	12.85								
47.68	12.09								
47.81	11.44								
47.93	10.54								
48.06	9.74								
48.18	8.87								
48.30	7.93								
48.43	7.14								
48.55	6.31								
48.68	5.53								
48.80	4.85								
48.93	4.36								
49.05	3.80								
49.18	3.30								
49.30	2.94								
49.42	2.53								
49.55	2.31								
49.67	2.00								
49.80	1.76								
49.92	1.57								
50.05	1.41								
50.17	1.21								
50.30	1.05								
50.42	0.96								
50.55	0.80								
50.67	0.76								
50.79	0.60								
50.92	0.52								
51.04	0.46								
51.17	0.36								
51.29	0.31								
51.42	0.25								
51.54	0.20								
51.67	0.16								
51.79	0.13								
51.91	0.05								
52.04	0.03								
52.16	0.00								
52.29	-0.02								
52.41	-0.05								
52.54	-0.08								
52.66	-0.10								
52.79	-0.11								
52.91	-0.12								
53.03	-0.16								
53.16	-0.16								
53.28	-0.15								
53.41	-0.20								
53.53	-0.19								
53.66	-0.22								
53.78	-0.21								
53.91	-0.22								
54.03	-0.22								
54.16	-0.24								
54.28	-0.25								
54.40	-0.21								
54.53	-0.24								
54.65	-0.22								
54.78	-0.22								
54.90	-0.23								
55.03	-0.22								
55.15	-0.22								
55.28	-0.24								
55.40	-0.22								
55.52	-0.22								
55.65	-0.22								
55.77	-0.19								
55.90	-0.22								
56.02	-0.19								
56.15	-0.18								
56.27	-0.22								
56.40	-0.19								
56.52	-0.20								
56.65	-0.19								
56.77	-0.18								
56.89	-0.17								
57.02	-0.16								
57.14	-0.13								
57.27	-0.12								
57.39	-0.11								
57.52	-0.08								
57.64	-0.11								
57.77	-0.11								
57.89	-0.07								
58.01	-0.04								
58.14	-0.04								
58.26	-0.02								
58.39	0.00								
58.51	0.01								
58.64	0.05								
58.76	0.05								
58.89	0.10								
59.01	0.14								
59.14	0.14								
59.26	0.17								
59.38	0.20								
59.51	0.27								
59.63	0.27								
59.76	0.30								
59.88	0.31								
60.01	0.34								
60.13	0.42								
60.26	0.42								
60.38	0.47								
60.50	0.50								
60.63	0.53								
60.75	0.60								
60.88	0.60								
61.00	0.61								
61.13	0.66								
61.25	0.72								
61.38	0.73								
61.50	0.78								
61.63	0.81								
61.75	0.84								
61.87	0.90								
62.00	0.91								
62.12	0.94								
62.25	0.96								
62.37	1.02								
62.50	1.03								
62.62	1.10								
62.75	1.10								
62.87	1.13								
62.99	1.15								
63.12	1.17								
63.24	1.21								
63.37	1.23								
63.49	1.24								
63.62	1.29								
63.74	1.30								
63.87	1.29								
63.99	1.33								
64.12	1.37								
64.24	1.36								
64.36	1.40								
64.49	1.40								
64.61	1.42								
64.74	1.47								
64.86	1.45								
64.99	1.50								
65.11	1.51								
65.24	1.53								
65.36	1.52								
65.48	1.55								
65.61	1.55								
65.73	1.56								
65.86	1.62								
65.98	1.58								
66.11	1.65								
66.23	1.63								
66.36	1.65								
66.48	1.69								
66.60	1.70								
66.73	1.72								
66.85	1.75								
66.98	1.77								
67.10	1.78								
67.23	1.81								
67.35	1.82								
67.48	1.85								
67.60	1.92								
67.73	1.91								
67.85	1.94								
67.97	1.97								
68.10	2.00								
68.22	2.07								
68.35	2.10								
68.47	2.14								
68.60	2.18								
68.72	2.27								
68.85	2.25								
68.97	2.36								
69.09	2.37								
69.22	2.43								
69.34	2.52								
69.47	2.54								
69.59	2.59								
69.72	2.67								
69.84	2.73								
69.97	2.80								
70.09	2.92								
70.22	2.91								
70.34	3.01								
70.46	3.15								
70.59	3.19								
70.71	3.29								
70.84	3.30								
70.96	3.43								
71.09	3.51								
71.21	3.64								
71.34	3.66								
71.46	3.76								
71.58	3.90								
71.71	3.94								
71.83	4.13								
71.96	4.14								
72.08	4.26								
72.21	4.41								
72.33	4.51								
72.46	4.56								
72.58	4.68								
72.71	4.81								
72.83	4.87								
72.95	5.03								
73.08	5.06								
73.20	5.21								
73.33	5.37								
73.45	5.38								
73.58	5.54								
73.70	5.58								
73.83	5.75								
73.95	5.86								
74.07	6.00								
74.20	6.01								
74.32	6.15								
74.45	6.33								
74.57	6.36								
74.70	6.55								
74.82	6.55								
74.95	6.68								
75.07	6.83								
75.20	6.90								
75.32	7.04								
75.44	7.12								
75.57	7.29								
75.69	7.35								
75.82	7.54								
75.94	7.56								
76.07	7.75								
76.19	7.92								
76.32	7.92								
76.44	8.17								
76.56	8.21								
76.69	8.42								
76.81	8.58								
76.94	8.77								
77.06	8.86								
77.19	9.05								
77.31	9.32								
77.44	9.41								
77.56	9.80								
77.68	9.91								
77.81	10.24								
77.93	10.59								
78.06	10.84								
78.18	11.18								
78.31	11.55								
78.43	12.07								
78.56	12.47								
78.68	13.16								
78.81	13.46								
78.93	14.26								
79.05	15.13								
79.18	15.73								
79.30	16.74								
79.43	17.39								
79.55	18.71								
79.68	19.86								
79.80	21.21								
79.93	22.28								
80.05	23.97								
80.17	25.83								
80.30	27.33								
80.42	29.82								
80.55	30.95								
80.67	33.65								
80.80	36.27								
80.92	38.49								
81.05	41.06								
81.17	43.65								
81.30	47.02								
81.42	49.62								
81.54	53.56								
81.67	55.32								
81.79	59.31								
81.92	63.34								
82.04	66.14								
82.17	70.26								
82.29	72.53								
82.42	77.16								
82.54	80.69								
82.66	84.62								
82.79	86.89								
82.91	90.75								
83.04	94.88								
83.16	97.41								
83.29	102.22								
83.41	103.29								
83.54	107.53								
83.66	111.15								
83.79	113.51								
83.91	116.29								
84.03	118.13								
84.16	121.51								
84.28	123.38								
84.41	126.64								
84.53	126.78								
84.66	129.33								
84.78	131.93								
84.91	131.90								
85.03	134.28								
85.15	134.01								
85.28	135.57								
85.40	136.65								
85.53	137.15								
85.65	137.02								
85.78	137.33								
85.90	138.03								
86.03	137.07								
86.15	137.90								
86.28	136.84								
86.40	136.30								
86.52	136.40								
86.65	134.80								
86.77	134.58								
86.90	133.41								
87.02	132.25								
87.15	131.34								
87.27	129.97								
87.40	128.92								
87.52	127.20								
87.64	125.87								
87.77	123.66								
87.89	122.75								
88.02	121.22								
88.14	118.81								
88.27	117.61								
88.39	115.10								
88.52	114.23								
88.64	111.89								
88.77	109.54								
88.89	107.66								
89.01	105.36								
89.14	104.22								
89.26	101.31								
89.39	99.49								
89.51	96.96								
89.64	95.57								
89.76	93.55								
89.89	90.60								
90.01	89.11								
90.13	86.10								
90.26	85.21								
90.38	82.41								
90.51	79.87								
90.63	78.09								
90.76	75.95								
90.88	74.58								
91.01	71.55								
91.13	69.88								
91.25	67.14								
91.38	66.44								
91.50	63.88								
91.63	61.32								
91.75	60.19								
91.88	57.41								
92.00	56.61								
92.13	53.95								
92.25	52.05								
92.38	50.15								
92.50	48.91								
92.62	47.38								
92.75	44.96								
92.87	44.08								
93.00	41.69								
93.12	41.17								
93.25	39.06								
93.37	37.08								
93.50	36.26								
93.62	34.69								
93.74	33.89								
93.87	32.07								
93.99	30.97								
94.12	29.41								
94.24	29.07								
94.37	27.53								
94.49	26.01								
94.62	25.71								
94.74	24.03								
94.87	23.76								
94.99	22.42								
95.11	21.34								
95.24	20.61								
95.36	20.01								
95.49	19.23								
95.61	18.13								
95.74	17.88								
95.86	16.64								
95.99	16.54								
96.11	15.66								
96.23	14.73								
96.36	14.56								
96.48	13.77								
96.61	13.47								
96.73	12.69								
96.86	12.31								
96.98	11.64								
97.11	11.59								
97.23	10.98								
97.36	10.34								
97.48	10.32								
97.60	9.59								
97.73	9.47								
97.85	8.99								
97.98	8.54								
98.10	8.31								
98.23	8.06								
98.35	7.77								
98.48	7.35								
98.60	7.27								
98.72	6.77								
98.85	6.78								
98.97	6.42								
99.10	6.05								
99.22	6.06								
99.35	5.77								
99.47	5.66								
99.60	5.40								
99.72	5.23								
99.85	4.96								
99.97	5.02								
100.09	4.81								
100.22	4.56								
100.34	4.59								
100.47	4.25								
100.59	4.30								
100.72	4.13								
100.84	3.97								
100.97	3.83								
101.09	3.75								
101.21	3.74								
101.34	3.53								
101.46	3.56								
101.59	3.34								
101.71	3.38								
101.84	3.29								
101.96	3.12								
102.09	3.11								
102.21	3.01								
102.34	2.98								
102.46	2.87								
102.58	2.83								
102.71	2.69								
102.83	2.72								
102.96	2.65								
103.08	2.53								
103.21	2.53								
103.33	2.39								
103.46	2.39								
103.58	2.32								
103.70	2.22								
103.83	2.16								
103.95	2.12								
104.08	2.11								
104.20	1.98								
104.33	1.94								
104.45	1.84								
104.58	1.87								
104.70	1.80								
104.82	1.70								
104.95	1.67								
105.07	1.61								
105.20	1.61								
105.32	1.56								
105.45	1.49								
105.57	1.42								
105.70	1.44								
105.82	1.38								
105.95	1.33								
106.07	1.31								
106.19	1.24								
106.32	1.25								
106.44	1.24								
106.57	1.20								
106.69	1.17								
106.82	1.18								
106.94	1.16								
107.07	1.12								
107.19	1.13								
107.31	1.08								
107.44	1.12								
107.56	1.11								
107.69	1.07								
107.81	1.11								
107.94	1.11								
108.06	1.17								
108.19	1.11								
108.31	1.15								
108.44	1.13								
108.56	1.20								
108.68	1.24								
108.81	1.24								
108.93	1.27								
109.06	1.23								
109.18	1.29								
109.31	1.30								
109.43	1.32								
109.56	1.33								
109.68	1.34								
109.80	1.35								
109.93	1.34								
110.05	1.35								
110.18	1.29								
110.30	1.28								
110.43	1.27								
110.55	1.20								
110.68	1.18								
110.80	1.13								
110.93	1.11								
111.05	1.04								
111.17	0.97								
111.30	0.93								
111.42	0.87								
111.55	0.82								
111.67	0.75								
111.80	0.72								
111.92	0.63								
112.05	0.61								
112.17	0.54								
112.29	0.47								
112.42	0.43								
112.54	0.39								
112.67	0.37								
112.79	0.30								
112.92	0.31								
113.04	0.22								
113.17	0.23								
113.29	0.17								
113.42	0.15								
113.54	0.09								
113.66	0.05								
113.79	0.10								
113.91	0.05								
114.04	-0.02								
114.16	-0.04								
114.29	-0.04								
114.41	-0.07								
114.54	-0.09								
114.66	-0.08								
114.78	-0.13								
114.91	-0.12								
115.03	-0.16								
115.16	-0.19								
115.28	-0.19								
115.41	-0.21								
115.53	-0.21								
115.66	-0.24								
115.78	-0.25								
115.91	-0.26								
116.03	-0.28								
116.15	-0.29								
116.28	-0.31								
116.40	-0.32								
116.53	-0.35								
116.65	-0.38								
116.78	-0.38								
116.90	-0.39								
117.03	-0.41								
117.15	-0.39								
117.27	-0.41								
117.40	-0.44								
117.52	-0.44								
117.65	-0.48								
117.77	-0.47								
117.90	-0.51								
118.02	-0.51								
118.15	-0.54								
118.27	-0.54								
118.39	-0.54								
118.52	-0.57								
118.64	-0.57								
118.77	-0.58								
118.89	-0.58								
119.02	-0.59								
119.14	-0.60								
119.27	-0.63								
119.39	-0.64								
119.52	-0.65								
119.64	-0.67								
119.76	-0.67								
119.89	-0.69								
									
									
									
0.00				0.342					
0.13				0.741					
0.25				-0.285					
0.38				11.571					
0.50				11.970					
0.63				21.546					
0.75				24.966					
0.88				25.194					
1.00				22.914					
1.13				20.520					
1.25				18.924					
1.38				17.499					
1.50				16.587					
1.63				15.732					
1.75				14.649					
1.88				13.851					
2.00				13.338					
2.13				12.996					
2.25				12.312					
2.38				11.970					
2.50				12.141					
2.63				12.141					
2.75				11.628					
2.88				11.229					
3.00				11.172					
3.13				10.887					
3.25				10.374					
3.38				10.545					
3.50				10.089					
3.63				9.861					
3.75				9.519					
3.88				9.462					
4.00				9.348					
4.13				9.006					
4.25				8.778					
4.38				8.493					
4.50				8.436					
4.63				8.265					
4.75				7.923					
4.88				7.809					
5.00				7.695					
5.13				7.524					
5.25				7.524					
5.38				7.296					
5.50				7.182					
5.63				7.182					
5.75				6.897					
5.88				6.897					
6.00				6.783					
6.13				6.612					
6.25				6.612					
6.38				6.555					
6.51				6.384					
6.63				6.498					
6.76				6.270					
6.88				6.213					
7.01				6.156					
7.13				6.042					
7.26				5.985					
7.38				5.985					
7.51				5.871					
7.63				5.871					
7.76				5.529					
7.88				5.586					
8.01				5.643					
8.13				5.586					
8.26				5.529					
8.38				5.301					
8.51				5.529					
8.63				5.358					
8.76				5.301					
8.88				5.301					
9.01				5.187					
9.13				5.130					
9.26				5.187					
9.38				5.073					
9.51				5.244					
9.63				5.130					
9.76				5.016					
9.88				5.016					
10.01				5.016					
10.13				5.073					
10.26				4.845					
10.38				4.959					
10.51				4.902					
10.63				4.902					
10.76				4.959					
10.88				4.902					
11.01				4.845					
11.13				4.788					
11.26				4.731					
11.38				4.845					
11.51				4.731					
11.63				4.731					
11.76				4.674					
11.88				4.674					
12.01				4.674					
12.13				4.560					
12.26				4.560					
12.38				4.560					
12.51				4.389					
12.63				4.446					
12.76				4.617					
12.89				4.389					
13.01				4.275					
13.14				4.503					
13.26				4.389					
13.39				4.446					
13.51				4.389					
13.64				4.332					
13.76				4.275					
13.89				4.389					
14.01				4.389					
14.14				4.446					
14.26				4.218					
14.39				4.332					
14.51				4.332					
14.64				4.218					
14.76				4.161					
14.89				4.218					
15.01				4.389					
15.14				4.332					
15.26				4.161					
15.39				4.218					
15.51				4.047					
15.64				4.104					
15.76				4.161					
15.89				4.047					
16.01				4.047					
16.14				3.990					
16.26				4.047					
16.39				4.047					
16.51				3.933					
16.64				3.933					
16.76				3.990					
16.89				4.047					
17.01				3.933					
17.14				3.933					
17.26				3.876					
17.39				3.933					
17.51				3.819					
17.64				3.876					
17.76				3.762					
17.89				3.819					
18.01				3.762					
18.14				3.933					
18.26				3.648					
18.39				3.762					
18.51				3.762					
18.64				3.705					
18.76				3.648					
18.89				3.648					
19.01				3.648					
19.14				3.876					
19.27				3.534					
19.39				3.648					
19.52				3.420					
19.64				3.591					
19.77				3.648					
19.89				3.534					
20.02				3.648					
20.14				3.477					
20.27				3.534					
20.39				3.591					
20.52				3.363					
20.64				3.420					
20.77				3.534					
20.89				3.363					
21.02				3.249					
21.14				3.363					
21.27				3.306					
21.39				3.249					
21.52				3.249					
21.64				3.306					
21.77				3.135					
21.89				3.192					
22.02				3.249					
22.14				3.078					
22.27				3.021					
22.39				3.021					
22.52				3.021					
22.64				2.907					
22.77				3.021					
22.89				2.793					
23.02				2.793					
23.14				2.964					
23.27				2.850					
23.39				2.793					
23.52				2.736					
23.64				2.850					
23.77				2.793					
23.89				2.793					
24.02				2.736					
24.14				2.679					
24.27				2.736					
24.39				2.736					
24.52				2.793					
24.64				2.622					
24.77				2.679					
24.89				2.451					
25.02				2.451					
25.14				2.622					
25.27				2.508					
25.39				2.508					
25.52				2.508					
25.65				2.451					
25.77				2.451					
25.90				2.394					
26.02				2.394					
26.15				2.451					
26.27				2.337					
26.40				2.223					
26.52				2.337					
26.65				2.394					
26.77				2.280					
26.90				2.280					
27.02				2.223					
27.15				2.223					
27.27				2.337					
27.40				2.337					
27.52				2.337					
27.65				2.280					
27.77				2.280					
27.90				2.109					
28.02				2.223					
28.15				2.109					
28.27				2.166					
28.40				2.052					
28.52				2.109					
28.65				2.052					
28.77				2.166					
28.90				2.280					
29.02				2.109					
29.15				2.223					
29.27				2.109					
29.40				2.166					
29.52				1.995					
29.65				2.109					
29.77				2.052					
29.90				2.052					
30.02				1.995					
30.15				1.938					
30.27				2.166					
30.40				1.995					
30.52				1.995					
30.65				1.995					
30.77				2.109					
30.90				2.052					
31.02				2.109					
31.15				1.995					
31.27				2.052					
31.40				1.938					
31.52				1.995					
31.65				1.938					
31.77				2.052					
31.90				1.995					
32.03				1.938					
32.15				1.995					
32.28				2.052					
32.40				1.938					
32.53				1.824					
32.65				1.995					
32.78				2.052					
32.90				1.995					
33.03				1.938					
33.15				1.938					
33.28				1.938					
33.40				1.938					
33.53				1.995					
33.65				1.938					
33.78				2.052					
33.90				1.995					
34.03				1.824					
34.15				1.995					
34.28				1.881					
34.40				1.938					
34.53				1.938					
34.65				1.881					
34.78				1.710					
34.90				1.767					
35.03				1.824					
35.15				1.881					
35.28				1.938					
35.40				1.710					
35.53				1.881					
35.65				1.881					
35.78				1.881					
35.90				1.767					
36.03				1.824					
36.15				1.824					
36.28				1.881					
36.40				1.881					
36.53				1.767					
36.65				1.653					
36.78				1.881					
36.90				1.881					
37.03				1.881					
37.15				1.995					
37.28				1.938					
37.40				1.881					
37.53				1.938					
37.65				1.938					
37.78				1.995					
37.90				1.938					
38.03				1.938					
38.15				1.995					
38.28				1.938					
38.41				1.995					
38.53				2.109					
38.66				2.166					
38.78				2.166					
38.91				2.109					
39.03				2.223					
39.16				2.223					
39.28				2.052					
39.41				2.223					
39.53				2.223					
39.66				2.223					
39.78				2.451					
39.91				2.451					
40.03				2.508					
40.16				2.565					
40.28				2.451					
40.41				2.565					
40.53				2.451					
40.66				2.508					
40.78				2.622					
40.91				2.622					
41.03				2.736					
41.16				2.736					
41.28				2.736					
41.41				2.622					
41.53				2.850					
41.66				2.793					
41.78				2.850					
41.91				2.793					
42.03				2.850					
42.16				2.850					
42.28				2.622					
42.41				2.622					
42.53				2.736					
42.66				2.736					
42.78				2.679					
42.91				2.565					
43.03				2.565					
43.16				2.451					
43.28				2.565					
43.41				2.565					
43.53				2.508					
43.66				2.451					
43.78				2.508					
43.91				2.337					
44.03				2.565					
44.16				2.394					
44.28				2.451					
44.41				2.565					
44.53				2.451					
44.66				2.508					
44.78				2.508					
44.91				2.451					
45.04				2.451					
45.16				2.565					
45.29				2.508					
45.41				2.622					
45.54				2.622					
45.66				2.679					
45.79				2.565					
45.91				2.565					
46.04				2.565					
46.16				2.451					
46.29				2.451					
46.41				2.337					
46.54				2.280					
46.66				2.166					
46.79				2.166					
46.91				2.223					
47.04				1.881					
47.16				1.938					
47.29				1.767					
47.41				1.653					
47.54				1.539					
47.66				1.653					
47.79				1.653					
47.91				1.653					
48.04				1.539					
48.16				1.425					
48.29				1.368					
48.41				1.311					
48.54				1.254					
48.66				1.197					
48.79				1.311					
48.91				1.197					
49.04				1.197					
49.16				1.197					
49.29				1.197					
49.41				1.197					
49.54				1.197					
49.66				1.026					
49.79				1.140					
49.91				1.026					
50.04				1.197					
50.16				1.140					
50.29				1.026					
50.41				1.425					
50.54				1.539					
50.66				1.653					
50.79				1.425					
50.91				1.311					
51.04				1.311					
51.16				1.368					
51.29				1.482					
51.42				1.482					
51.54				1.482					
51.67				1.653					
51.79				1.767					
51.92				1.824					
52.04				1.824					
52.17				1.767					
52.29				1.938					
52.42				2.052					
52.54				1.995					
52.67				1.995					
52.79				2.223					
52.92				2.223					
53.04				2.337					
53.17				2.622					
53.29				2.679					
53.42				2.679					
53.54				2.736					
53.67				2.850					
53.79				2.850					
53.92				2.964					
54.04				3.192					
54.17				3.249					
54.29				3.477					
54.42				3.420					
54.54				3.705					
54.67				3.705					
54.79				3.876					
54.92				4.047					
55.04				4.161					
55.17				4.332					
55.29				4.446					
55.42				4.731					
55.54				4.674					
55.67				5.016					
55.79				5.073					
55.92				5.244					
56.04				5.415					
56.17				5.586					
56.29				5.700					
56.42				5.814					
56.54				6.099					
56.67				6.213					
56.79				6.384					
56.92				6.612					
57.04				6.783					
57.17				7.068					
57.29				6.954					
57.42				7.353					
57.54				7.524					
57.67				7.695					
57.80				7.866					
57.92				7.980					
58.05				8.379					
58.17				8.436					
58.30				8.721					
58.42				8.664					
58.55				8.949					
58.67				9.234					
58.80				9.291					
58.92				9.576					
59.05				9.747					
59.17				9.975					
59.30				10.146					
59.42				10.602					
59.55				10.431					
59.67				10.773					
59.80				11.001					
59.92				11.001					
60.05				11.457					
60.17				11.400					
60.30				11.799					
60.42				12.027					
60.55				12.141					
60.67				12.312					
60.80				12.483					
60.92				12.825					
61.05				13.053					
61.17				13.338					
61.30				13.338					
61.42				13.851					
61.55				13.965					
61.67				14.136					
61.80				14.478					
61.92				14.421					
62.05				14.820					
62.17				14.991					
62.30				15.447					
62.42				15.390					
62.55				15.675					
62.67				15.903					
62.80				16.074					
62.92				16.587					
63.05				16.587					
63.17				16.872					
63.30				17.100					
63.42				17.328					
63.55				17.385					
63.67				17.727					
63.80				18.069					
63.92				18.126					
64.05				18.753					
64.18				18.696					
64.30				19.095					
64.43				19.323					
64.55				19.608					
64.68				19.893					
64.80				20.007					
64.93				20.577					
65.05				20.463					
65.18				20.976					
65.30				21.033					
65.43				21.489					
65.55				21.717					
65.68				21.831					
65.80				22.458					
65.93				22.572					
66.05				22.971					
66.18				23.085					
66.30				23.655					
66.43				23.712					
66.55				23.883					
66.68				24.339					
66.80				24.282					
66.93				25.023					
67.05				24.852					
67.18				25.308					
67.30				25.536					
67.43				25.821					
67.55				25.935					
67.68				26.220					
67.80				26.505					
67.93				26.562					
68.05				27.189					
68.18				26.904					
68.30				27.360					
68.43				27.702					
68.55				27.759					
68.68				27.873					
68.80				28.158					
68.93				28.500					
69.05				28.500					
69.18				29.013					
69.30				28.614					
69.43				29.184					
69.55				29.583					
69.68				29.754					
69.80				30.324					
69.93				30.438					
70.05				30.837					
70.18				31.179					
70.30				31.692					
70.43				31.977					
70.56				32.718					
70.68				33.516					
70.81				33.801					
70.93				35.169					
71.06				35.340					
71.18				36.708					
71.31				37.677					
71.43				38.988					
71.56				40.128					
71.68				41.724					
71.81				43.434					
71.93				45.201					
72.06				47.595					
72.18				48.906					
72.31				51.756					
72.43				54.093					
72.56				56.487					
72.68				59.907					
72.81				62.415					
72.93				65.550					
73.06				69.027					
73.18				73.017					
73.31				75.012					
73.43				79.800					
73.56				82.821					
73.68				86.298					
73.81				91.428					
73.93				94.107					
74.06				98.040					
74.18				101.574					
74.31				106.590					
74.43				108.015					
74.56				112.404					
74.68				115.653					
74.81				118.161					
74.93				123.120					
75.06				123.120					
75.18				126.939					
75.31				129.162					
75.43				130.986					
75.56				132.468					
75.68				134.178					
75.81				136.116					
75.93				135.774					
76.06				138.225					
76.18				136.116					
76.31				138.225					
76.43				137.940					
76.56				136.059					
76.68				136.686					
76.81				134.919					
76.94				134.919					
77.06				132.696					
77.19				131.613					
77.31				128.991					
77.44				127.623					
77.56				126.426					
77.69				122.721					
77.81				121.638					
77.94				117.933					
78.06				116.850					
78.19				113.715					
78.31				109.839					
78.44				108.243					
78.56				104.709					
78.69				103.056					
78.81				99.066					
78.94				96.273					
79.06				93.423					
79.19				91.200					
79.31				88.350					
79.44				84.645					
79.56				82.764					
79.69				78.945					
79.81				77.349					
79.94				74.157					
80.06				71.022					
80.19				69.312					
80.31				66.120					
80.44				64.524					
80.56				61.560					
80.69				59.679					
80.81				56.886					
80.94				55.575					
81.06				53.295					
81.19				50.217					
81.31				49.476					
81.44				46.968					
81.56				45.771					
81.69				43.548					
81.81				41.667					
81.94				39.843					
82.06				39.102					
82.19				36.993					
82.31				34.770					
82.44				34.257					
82.56				32.091					
82.69				31.521					
82.81				29.811					
82.94				28.272					
83.06				27.246					
83.19				26.163					
83.32				25.365					
83.44				23.655					
83.57				23.085					
83.69				21.432					
83.82				21.204					
83.94				20.064					
84.07				18.753					
84.19				18.411					
84.32				17.328					
84.44				16.986					
84.57				15.732					
84.69				15.162					
84.82				14.250					
84.94				14.079					
85.07				13.395					
85.19				12.198					
85.32				12.255					
85.44				11.343					
85.57				11.229					
85.69				10.545					
85.82				9.918					
85.94				9.576					
86.07				9.348					
86.19				8.949					
86.32				8.208					
86.44				8.265					
86.57				7.638					
86.69				7.467					
86.82				7.239					
86.94				6.555					
87.07				6.555					
87.19				6.213					
87.32				5.985					
87.44				5.814					
87.57				5.700					
87.69				5.187					
87.82				5.130					
87.94				5.016					
88.07				4.674					
88.19				4.674					
88.32				4.389					
88.44				4.161					
88.57				4.218					
88.69				4.047					
88.82				3.933					
88.94				3.876					
89.07				3.591					
89.19				3.534					
89.32				3.420					
89.44				3.249					
89.57				3.306					
89.70				3.135					
89.82				2.907					
89.95				2.850					
90.07				2.850					
90.20				2.793					
90.32				2.850					
90.45				2.736					
90.57				2.565					
90.70				2.565					
90.82				2.565					
90.95				2.451					
91.07				2.679					
91.20				2.394					
91.32				2.223					
91.45				2.337					
91.57				2.337					
91.70				2.166					
91.82				2.223					
91.95				2.052					
92.07				2.223					
92.20				2.223					
92.32				2.166					
92.45				2.166					
92.57				2.223					
92.70				2.109					
92.82				2.166					
92.95				2.280					
93.07				2.166					
93.20				2.166					
93.32				2.166					
93.45				2.109					
93.57				2.166					
93.70				2.223					
93.82				2.109					
93.95				2.223					
94.07				2.223					
94.20				2.166					
94.32				2.223					
94.45				2.280					
94.57				2.109					
94.70				2.109					
94.82				2.223					
94.95				2.223					
95.07				2.052					
95.20				2.109					
95.32				2.109					
95.45				2.109					
95.57				2.166					
95.70				2.052					
95.82				2.109					
95.95				2.166					
96.08				2.052					
96.20				1.995					
96.33				1.938					
96.45				1.938					
96.58				1.824					
96.70				1.767					
96.83				1.767					
96.95				1.824					
97.08				1.767					
97.20				1.710					
97.33				1.710					
97.45				1.539					
97.58				1.425					
97.70				1.539					
97.83				1.482					
97.95				1.311					
98.08				1.311					
98.20				1.425					
98.33				1.311					
98.45				1.254					
98.58				1.140					
98.70				1.197					
98.83				1.254					
98.95				1.083					
99.08				1.140					
99.20				1.197					
99.33				1.083					
99.45				0.969					
99.58				1.140					
99.70				1.026					
99.83				1.083					
99.95				1.026					
100.08				0.912					
100.20				1.026					
100.33				0.912					
100.45				0.969					
100.58				0.798					
100.70				0.912					
100.83				0.855					
100.95				0.969					
101.08				0.684					
101.20				0.741					
101.33				0.855					
101.45				0.912					
101.58				0.855					
101.70				0.798					
101.83				0.855					
101.95				0.741					
102.08				0.798					
102.20				0.798					
102.33				0.855					
102.46				0.741					
102.58				0.855					
102.71				0.741					
102.83				0.855					
102.96				0.741					
103.08				0.741					
103.21				0.855					
103.33				0.741					
103.46				0.855					
103.58				0.912					
103.71				0.741					
103.83				0.855					
103.96				0.855					
104.08				0.969					
104.21				0.912					
104.33				0.969					
104.46				0.969					
104.58				1.083					
104.71				1.026					
104.83				1.083					
104.96				1.140					
105.08				1.254					
105.21				1.311					
105.33				1.254					
105.46				1.197					
105.58				1.311					
105.71				1.368					
105.83				1.425					
105.96				1.482					
106.08				1.539					
106.21				1.482					
106.33				1.710					
106.46				1.653					
106.58				1.653					
106.71				1.653					
106.83				1.710					
106.96				1.824					
107.08				1.938					
107.21				1.881					
107.33				1.995					
107.46				2.052					
107.58				2.052					
107.71				1.995					
107.83				2.223					
107.96				2.223					
108.08				2.280					
108.21				2.223					
108.33				2.166					
108.46				2.223					
108.58				2.280					
108.71				2.337					
108.84				2.280					
108.96				2.280					
109.09				2.394					
109.21				2.451					
109.34				2.337					
109.46				2.394					
109.59				2.451					
109.71				2.394					
109.84				2.337					
109.96				2.166					
110.09				2.394					
110.21				2.394					
110.34				2.508					
110.46				2.394					
110.59				2.337					
110.71				2.280					
110.84				2.337					
110.96				2.394					
111.09				2.280					
111.21				2.394					
111.34				2.223					
111.46				2.223					
111.59				2.280					
111.71				2.223					
111.84				2.223					
111.96				2.166					
112.09				2.109					
112.21				2.052					
112.34				2.052					
112.46				2.109					
112.59				1.881					
112.71				2.052					
112.84				1.995					
112.96				1.995					
113.09				1.938					
113.21				1.938					
113.34				1.824					
113.46				1.824					
113.59				1.710					
113.71				1.710					
113.84				1.767					
113.96				1.710					
114.09				1.653					
114.21				1.653					
114.34				1.596					
114.46				1.482					
114.59				1.482					
114.71				1.425					
114.84				1.368					
114.96				1.254					
115.09				1.140					
115.22				1.140					
115.34				1.140					
115.47				0.969					
115.59				1.083					
115.72				1.026					
115.84				0.855					
115.97				0.855					
116.09				0.684					
116.22				0.627					
116.34				0.570					
116.47				0.513					
116.59				0.342					
116.72				0.228					
116.84				0.228					
116.97				0.114					
117.09				0.057					
117.22				0.057					
117.34				-0.057					
117.47				-0.171					
117.59				-0.228					
117.72				-0.171					
117.84				-0.285					
117.97				-0.399					
118.09				-0.570					
118.22				-0.456					
118.34				-0.513					
118.47				-0.684					
118.59				-0.570					
118.72				-0.741					
118.84				-0.798					
118.97				-0.798					
119.09				-0.855					
119.22				-0.912					
119.34				-0.912					
119.47				-0.969					
119.59				-0.969					
119.72				-1.083					
119.84				-1.026					
119.97				-1.197					
									
									
0.00							0.900		
0.12							0.945		
0.25							0.975		
0.37							0.855		
0.50							0.870		
0.62							2.100		
0.74							2.790		
0.87							4.035		
0.99							3.870		
1.12							3.720		
1.24							3.450		
1.36							3.075		
1.49							2.955		
1.61							2.865		
1.74							2.700		
1.86							2.580		
1.98							2.415		
2.11							2.445		
2.23							2.325		
2.36							2.265		
2.48							2.220		
2.60							2.160		
2.73							2.145		
2.85							2.040		
2.98							2.040		
3.10							1.995		
3.22							1.965		
3.35							1.980		
3.47							1.890		
3.60							1.905		
3.72							1.860		
3.84							1.815		
3.97							1.785		
4.09							1.755		
4.22							1.710		
4.34							1.740		
4.46							1.710		
4.59							1.680		
4.71							1.680		
4.84							1.590		
4.96							1.635		
5.08							1.620		
5.21							1.560		
5.33							1.620		
5.46							1.545		
5.58							1.545		
5.70							1.530		
5.83							1.515		
5.95							1.485		
6.08							1.500		
6.20							1.485		
6.32							1.440		
6.45							1.470		
6.57							1.425		
6.70							1.440		
6.82							1.380		
6.94							1.425		
7.07							1.395		
7.19							1.380		
7.31							1.335		
7.44							1.335		
7.56							1.335		
7.69							1.290		
7.81							1.305		
7.93							1.305		
8.06							1.275		
8.18							1.305		
8.31							1.245		
8.43							1.275		
8.55							1.230		
8.68							1.260		
8.80							1.230		
8.93							1.275		
9.05							1.245		
9.17							1.215		
9.30							1.215		
9.42							1.245		
9.55							1.230		
9.67							1.200		
9.79							1.230		
9.92							1.245		
10.04							1.185		
10.17							1.215		
10.29							1.185		
10.41							1.215		
10.54							1.140		
10.66							1.200		
10.79							1.185		
10.91							1.140		
11.03							1.170		
11.16							1.140		
11.28							1.155		
11.41							1.155		
11.53							1.185		
11.65							1.140		
11.78							1.125		
11.90							1.155		
12.03							1.140		
12.15							1.095		
12.27							1.110		
12.40							1.110		
12.52							1.110		
12.65							1.050		
12.77							1.110		
12.89							1.125		
13.02							1.125		
13.14							1.110		
13.27							1.125		
13.39							1.110		
13.51							1.095		
13.64							1.095		
13.76							1.035		
13.89							1.050		
14.01							1.050		
14.13							1.080		
14.26							1.065		
14.38							1.035		
14.51							1.035		
14.63							1.005		
14.75							1.035		
14.88							1.020		
15.00							1.020		
15.13							0.990		
15.25							1.020		
15.37							1.035		
15.50							0.990		
15.62							0.975		
15.75							0.945		
15.87							0.975		
15.99							0.990		
16.12							0.960		
16.24							0.975		
16.37							0.945		
16.49							0.990		
16.61							0.930		
16.74							0.945		
16.86							0.930		
16.99							0.930		
17.11							0.930		
17.23							0.885		
17.36							0.930		
17.48							0.900		
17.61							0.915		
17.73							0.885		
17.85							0.885		
17.98							0.885		
18.10							0.885		
18.23							0.900		
18.35							0.885		
18.47							0.915		
18.60							0.855		
18.72							0.855		
18.85							0.840		
18.97							0.855		
19.09							0.870		
19.22							0.870		
19.34							0.870		
19.47							0.840		
19.59							0.840		
19.71							0.825		
19.84							0.840		
19.96							0.825		
20.09							0.855		
20.21							0.780		
20.33							0.795		
20.46							0.825		
20.58							0.795		
20.71							0.780		
20.83							0.765		
20.95							0.825		
21.08							0.765		
21.20							0.765		
21.33							0.795		
21.45							0.795		
21.57							0.810		
21.70							0.765		
21.82							0.735		
21.94							0.780		
22.07							0.750		
22.19							0.780		
22.32							0.735		
22.44							0.735		
22.56							0.705		
22.69							0.750		
22.81							0.750		
22.94							0.720		
23.06							0.765		
23.18							0.705		
23.31							0.765		
23.43							0.720		
23.56							0.705		
23.68							0.720		
23.80							0.735		
23.93							0.735		
24.05							0.690		
24.18							0.720		
24.30							0.720		
24.42							0.705		
24.55							0.720		
24.67							0.675		
24.80							0.735		
24.92							0.690		
25.04							0.705		
25.17							0.660		
25.29							0.705		
25.42							0.660		
25.54							0.645		
25.66							0.675		
25.79							0.600		
25.91							0.630		
26.04							0.645		
26.16							0.675		
26.28							0.660		
26.41							0.645		
26.53							0.675		
26.66							0.645		
26.78							0.645		
26.90							0.630		
27.03							0.600		
27.15							0.630		
27.28							0.600		
27.40							0.630		
27.52							0.585		
27.65							0.600		
27.77							0.555		
27.90							0.585		
28.02							0.615		
28.14							0.570		
28.27							0.525		
28.39							0.555		
28.52							0.570		
28.64							0.525		
28.76							0.540		
28.89							0.525		
29.01							0.555		
29.14							0.525		
29.26							0.555		
29.38							0.555		
29.51							0.495		
29.63							0.525		
29.76							0.495		
29.88							0.495		
30.00							0.480		
30.13							0.480		
30.25							0.510		
30.38							0.480		
30.50							0.495		
30.62							0.480		
30.75							0.480		
30.87							0.480		
31.00							0.450		
31.12							0.450		
31.24							0.465		
31.37							0.465		
31.49							0.480		
31.62							0.465		
31.74							0.450		
31.86							0.465		
31.99							0.435		
32.11							0.405		
32.24							0.450		
32.36							0.450		
32.48							0.420		
32.61							0.435		
32.73							0.375		
32.86							0.375		
32.98							0.405		
33.10							0.405		
33.23							0.420		
33.35							0.390		
33.48							0.375		
33.60							0.360		
33.72							0.390		
33.85							0.345		
33.97							0.390		
34.10							0.405		
34.22							0.375		
34.34							0.390		
34.47							0.405		
34.59							0.315		
34.72							0.360		
34.84							0.330		
34.96							0.390		
35.09							0.345		
35.21							0.360		
35.34							0.405		
35.46							0.360		
35.58							0.360		
35.71							0.345		
35.83							0.345		
35.96							0.330		
36.08							0.360		
36.20							0.390		
36.33							0.330		
36.45							0.330		
36.57							0.345		
36.70							0.330		
36.82							0.375		
36.95							0.315		
37.07							0.345		
37.19							0.315		
37.32							0.345		
37.44							0.360		
37.57							0.345		
37.69							0.375		
37.81							0.315		
37.94							0.360		
38.06							0.300		
38.19							0.345		
38.31							0.345		
38.43							0.345		
38.56							0.360		
38.68							0.345		
38.81							0.300		
38.93							0.345		
39.05							0.345		
39.18							0.330		
39.30							0.315		
39.43							0.360		
39.55							0.345		
39.67							0.345		
39.80							0.345		
39.92							0.345		
40.05							0.360		
40.17							0.360		
40.29							0.315		
40.42							0.345		
40.54							0.330		
40.67							0.345		
40.79							0.360		
40.91							0.300		
41.04							0.345		
41.16							0.345		
41.29							0.300		
41.41							0.315		
41.53							0.285		
41.66							0.360		
41.78							0.315		
41.91							0.300		
42.03							0.330		
42.15							0.315		
42.28							0.345		
42.40							0.285		
42.53							0.300		
42.65							0.285		
42.77							0.330		
42.90							0.315		
43.02							0.270		
43.15							0.315		
43.27							0.315		
43.39							0.330		
43.52							0.345		
43.64							0.375		
43.77							0.345		
43.89							0.345		
44.01							0.360		
44.14							0.390		
44.26							0.390		
44.39							0.390		
44.51							0.375		
44.63							0.390		
44.76							0.405		
44.88							0.420		
45.01							0.390		
45.13							0.375		
45.25							0.345		
45.38							0.390		
45.50							0.330		
45.63							0.360		
45.75							0.315		
45.87							0.330		
46.00							0.330		
46.12							0.360		
46.25							0.315		
46.37							0.330		
46.49							0.315		
46.62							0.300		
46.74							0.315		
46.87							0.300		
46.99							0.315		
47.11							0.345		
47.24							0.285		
47.36							0.315		
47.49							0.300		
47.61							0.285		
47.73							0.330		
47.86							0.285		
47.98							0.285		
48.11							0.285		
48.23							0.255		
48.35							0.240		
48.48							0.255		
48.60							0.270		
48.73							0.255		
48.85							0.255		
48.97							0.240		
49.10							0.255		
49.22							0.255		
49.35							0.255		
49.47							0.300		
49.59							0.270		
49.72							0.255		
49.84							0.270		
49.97							0.300		
50.09							0.330		
50.21							0.330		
50.34							0.315		
50.46							0.360		
50.59							0.405		
50.71							0.405		
50.83							0.450		
50.96							0.495		
51.08							0.540		
51.20							0.510		
51.33							0.615		
51.45							0.615		
51.58							0.645		
51.70							0.720		
51.82							0.735		
51.95							0.780		
52.07							0.870		
52.20							0.915		
52.32							0.990		
52.44							1.065		
52.57							1.095		
52.69							1.200		
52.82							1.305		
52.94							1.350		
53.06							1.455		
53.19							1.485		
53.31							1.665		
53.44							1.785		
53.56							1.860		
53.68							1.950		
53.81							2.070		
53.93							2.250		
54.06							2.355		
54.18							2.475		
54.30							2.565		
54.43							2.775		
54.55							2.970		
54.68							3.135		
54.80							3.285		
54.92							3.465		
55.05							3.645		
55.17							3.870		
55.30							4.080		
55.42							4.230		
55.54							4.515		
55.67							4.785		
55.79							4.920		
55.92							5.220		
56.04							5.430		
56.16							5.730		
56.29							6.045		
56.41							6.255		
56.54							6.555		
56.66							6.915		
56.78							7.215		
56.91							7.470		
57.03							7.875		
57.16							8.115		
57.28							8.460		
57.40							8.940		
57.53							9.090		
57.65							9.600		
57.78							9.900		
57.90							10.275		
58.02							10.785		
58.15							11.100		
58.27							11.415		
58.40							11.895		
58.52							12.420		
58.64							12.615		
58.77							13.170		
58.89							13.500		
59.02							13.860		
59.14							14.430		
59.26							14.580		
59.39							15.075		
59.51							15.480		
59.64							15.885		
59.76							16.260		
59.88							16.695		
60.01							16.920		
60.13							17.280		
60.26							17.865		
60.38							17.805		
60.50							18.315		
60.63							18.570		
60.75							18.780		
60.88							19.290		
61.00							19.350		
61.12							19.530		
61.25							19.890		
61.37							20.160		
61.50							20.145		
61.62							20.445		
61.74							20.610		
61.87							20.730		
61.99							21.075		
62.12							20.940		
62.24							21.285		
62.36							21.450		
62.49							21.540		
62.61							21.810		
62.74							21.930		
62.86							22.125		
62.98							22.455		
63.11							22.800		
63.23							22.965		
63.36							23.475		
63.48							23.880		
63.60							24.375		
63.73							25.185		
63.85							25.605		
63.98							26.430		
64.10							27.390		
64.22							28.425		
64.35							29.610		
64.47							30.915		
64.60							32.160		
64.72							34.125		
64.84							36.180		
64.97							37.560		
65.09							40.110		
65.22							42.105		
65.34							44.910		
65.46							48.000		
65.59							50.550		
65.71							53.055		
65.83							57.150		
65.96							61.290		
66.08							63.915		
66.21							68.475		
66.33							71.130		
66.45							75.795		
66.58							80.640		
66.70							83.190		
66.83							87.945		
66.95							91.575		
67.07							96.075		
67.20							100.590		
67.32							104.625		
67.45							107.040		
67.57							111.480		
67.69							116.610		
67.82							117.480		
67.94							121.890		
68.07							124.020		
68.19							126.510		
68.31							130.365		
68.44							131.145		
68.56							132.975		
68.69							134.790		
68.81							136.080		
68.93							136.620		
69.06							137.970		
69.18							138.240		
69.31							137.760		
69.43							138.780		
69.55							136.530		
69.68							136.875		
69.80							136.155		
69.93							134.160		
70.05							133.500		
70.17							131.535		
70.30							130.260		
70.42							128.010		
70.55							125.790		
70.67							123.480		
70.79							121.185		
70.92							119.700		
71.04							116.145		
71.17							113.685		
71.29							110.955		
71.41							108.615		
71.54							106.005		
71.66							102.555		
71.79							100.020		
71.91							96.915		
72.03							94.980		
72.16							91.455		
72.28							88.035		
72.41							86.190		
72.53							82.920		
72.65							81.030		
72.78							77.910		
72.90							74.910		
73.03							72.840		
73.15							70.710		
73.27							67.800		
73.40							64.650		
73.52							63.330		
73.65							60.180		
73.77							58.845		
73.89							56.280		
74.02							53.730		
74.14							52.605		
74.27							49.935		
74.39							48.570		
74.51							46.560		
74.64							44.715		
74.76							42.735		
74.89							41.685		
75.01							39.780		
75.13							37.410		
75.26							37.170		
75.38							34.905		
75.51							34.065		
75.63							32.685		
75.75							31.020		
75.88							30.330		
76.00							28.965		
76.13							27.870		
76.25							26.790		
76.37							26.190		
76.50							24.720		
76.62							24.210		
76.75							23.280		
76.87							22.035		
76.99							21.975		
77.12							20.865		
77.24							20.415		
77.37							19.725		
77.49							19.110		
77.61							18.540		
77.74							18.270		
77.86							17.670		
77.99							16.995		
78.11							16.995		
78.23							16.275		
78.36							16.215		
78.48							15.885		
78.61							15.555		
78.73							15.480		
78.85							15.285		
78.98							15.270		
79.10							15.150		
79.23							15.225		
79.35							15.030		
79.47							15.255		
79.60							15.390		
79.72							15.315		
79.85							15.690		
79.97							15.870		
80.09							16.095		
80.22							16.440		
80.34							16.785		
80.46							17.025		
80.59							17.445		
80.71							17.985		
80.84							18.390		
80.96							19.035		
81.08							19.440		
81.21							19.890		
81.33							20.550		
81.46							21.240		
81.58							21.570		
81.70							22.275		
81.83							22.800		
81.95							23.385		
82.08							24.255		
82.20							24.585		
82.32							25.110		
82.45							25.755		
82.57							26.385		
82.70							26.730		
82.82							27.330		
82.94							27.645		
83.07							28.140		
83.19							28.740		
83.32							28.680		
83.44							29.250		
83.56							29.460		
83.69							29.670		
83.81							30.015		
83.94							29.970		
84.06							30.060		
84.18							30.135		
84.31							30.330		
84.43							30.030		
84.56							30.045		
84.68							29.970		
84.80							29.640		
84.93							29.685		
85.05							29.235		
85.18							29.115		
85.30							28.860		
85.42							28.395		
85.55							28.185		
85.67							27.765		
85.80							27.525		
85.92							27.000		
86.04							26.715		
86.17							26.175		
86.29							25.785		
86.42							25.545		
86.54							25.020		
86.66							24.705		
86.79							24.225		
86.91							23.955		
87.04							23.475		
87.16							22.965		
87.28							22.770		
87.41							22.305		
87.53							22.140		
87.66							21.705		
87.78							21.345		
87.90							21.075		
88.03							20.790		
88.15							20.535		
88.28							20.160		
88.40							19.995		
88.52							19.620		
88.65							19.515		
88.77							19.260		
88.90							18.900		
89.02							18.810		
89.14							18.510		
89.27							18.405		
89.39							18.165		
89.52							17.910		
89.64							17.715		
89.76							17.565		
89.89							17.310		
90.01							16.995		
90.14							16.890		
90.26							16.575		
90.38							16.425		
90.51							16.125		
90.63							15.870		
90.76							15.645		
90.88							15.375		
91.00							15.165		
91.13							14.850		
91.25							14.640		
91.38							14.250		
91.50							14.145		
91.62							13.785		
91.75							13.395		
91.87							13.230		
92.00							12.840		
92.12							12.705		
92.24							12.270		
92.37							11.985		
92.49							11.730		
92.62							11.475		
92.74							11.190		
92.86							10.845		
92.99							10.575		
93.11							10.215		
93.24							10.050		
93.36							9.675		
93.48							9.375		
93.61							9.165		
93.73							8.820		
93.86							8.670		
93.98							8.325		
94.10							8.085		
94.23							7.800		
94.35							7.665		
94.48							7.365		
94.60							7.050		
94.72							6.930		
94.85							6.645		
94.97							6.525		
95.09							6.225		
95.22							6.000		
95.34							5.910		
95.47							5.610		
95.59							5.490		
95.71							5.265		
95.84							5.115		
95.96							4.950		
96.09							4.845		
96.21							4.650		
96.33							4.395		
96.46							4.365		
96.58							4.200		
96.71							4.125		
96.83							3.960		
96.95							3.810		
97.08							3.705		
97.20							3.630		
97.33							3.480		
97.45							3.375		
97.57							3.330		
97.70							3.150		
97.82							3.105		
97.95							2.955		
98.07							2.865		
98.19							2.835		
98.32							2.715		
98.44							2.655		
98.57							2.565		
98.69							2.475		
98.81							2.370		
98.94							2.370		
99.06							2.280		
99.19							2.160		
99.31							2.160		
99.43							2.025		
99.56							1.995		
99.68							1.905		
99.81							1.860		
99.93							1.800		
100.05							1.755		
100.18							1.710		
100.30							1.665		
100.43							1.590		
100.55							1.515		
100.67							1.500		
100.80							1.395		
100.92							1.335		
101.05							1.365		
101.17							1.305		
101.29							1.245		
101.42							1.215		
101.54							1.140		
101.67							1.110		
101.79							1.080		
101.91							1.035		
102.04							1.020		
102.16							0.960		
102.29							0.900		
102.41							0.885		
102.53							0.870		
102.66							0.810		
102.78							0.810		
102.91							0.795		
103.03							0.780		
103.15							0.750		
103.28							0.690		
103.40							0.675		
103.53							0.660		
103.65							0.600		
103.77							0.540		
103.90							0.600		
104.02							0.540		
104.15							0.525		
104.27							0.495		
104.39							0.480		
104.52							0.465		
104.64							0.435		
104.77							0.450		
104.89							0.405		
105.01							0.405		
105.14							0.375		
105.26							0.375		
105.39							0.330		
105.51							0.300		
105.63							0.315		
105.76							0.300		
105.88							0.285		
106.01							0.270		
106.13							0.225		
106.25							0.225		
106.38							0.225		
106.50							0.255		
106.63							0.180		
106.75							0.180		
106.87							0.165		
107.00							0.165		
107.12							0.135		
107.25							0.165		
107.37							0.165		
107.49							0.180		
107.62							0.150		
107.74							0.120		
107.87							0.105		
107.99							0.135		
108.11							0.105		
108.24							0.120		
108.36							0.075		
108.49							0.120		
108.61							0.090		
108.73							0.060		
108.86							0.075		
108.98							0.090		
109.10							0.075		
109.23							0.090		
109.35							0.075		
109.48							0.105		
109.60							0.060		
109.72							0.075		
109.85							0.090		
109.97							0.075		
110.10							0.045		
110.22							0.060		
110.34							0.090		
110.47							0.060		
110.59							0.120		
110.72							0.090		
110.84							0.075		
110.96							0.105		
111.09							0.075		
111.21							0.075		
111.34							0.105		
111.46							0.060		
111.58							0.075		
111.71							0.030		
111.83							0.060		
111.96							0.060		
112.08							0.075		
112.20							0.015		
112.33							0.030		
112.45							0.015		
112.58							0.000		
112.70							0.045		
112.82							0.015		
112.95							-0.015		
113.07							0.000		
113.20							0.000		
113.32							-0.015		
113.44							-0.015		
113.57							0.015		
113.69							-0.030		
113.82							-0.030		
113.94							-0.030		
114.06							-0.045		
114.19							-0.045		
114.31							-0.045		
114.44							-0.030		
114.56							-0.060		
114.68							-0.045		
114.81							-0.045		
114.93							-0.045		
115.06							-0.135		
115.18							-0.060		
115.30							-0.075		
115.43							-0.090		
115.55							-0.075		
115.68							-0.105		
115.80							-0.150		
115.92							-0.150		
116.05							-0.120		
116.17							-0.135		
116.30							-0.150		
116.42							-0.165		
116.54							-0.180		
116.67							-0.165		
116.79							-0.180		
116.92							-0.195		
117.04							-0.165		
117.16							-0.180		
117.29							-0.180		
117.41							-0.195		
117.54							-0.180		
117.66							-0.240		
117.78							-0.210		
117.91							-0.225		
118.03							-0.270		
118.16							-0.240		
118.28							-0.210		
118.40							-0.210		
118.53							-0.255		
118.65							-0.285		
118.78							-0.240		
118.90							-0.225		
119.02							-0.240		
119.15							-0.270		
119.27							-0.240		
119.40							-0.270		
119.52							-0.270		
119.64							-0.270		
119.77							-0.300		
119.89							-0.300		