"Vol (mL)"	CDIN1Y94C	CDIN1Y94C	CDIN1Y94C	Codanin-1	Codanin-1	Codanin-1	"CDIN1Y94C- Codanin-1"	"CDIN1Y94C- Codanin-1"	"CDIN1Y94C- Codanin-1"
0.00				0.240					
0.13				0.520					
0.25				-0.200					
0.38				8.120					
0.50				8.400					
0.63				15.120					
0.75				17.520					
0.88				17.680					
1.00				16.080					
1.13				14.400					
1.25				13.280					
1.38				12.280					
1.50				11.640					
1.63				11.040					
1.75				10.280					
1.88				9.720					
2.00				9.360					
2.13				9.120					
2.25				8.640					
2.38				8.400					
2.50				8.520					
2.63				8.520					
2.75				8.160					
2.88				7.880					
3.00				7.840					
3.13				7.640					
3.25				7.280					
3.38				7.400					
3.50				7.080					
3.63				6.920					
3.75				6.680					
3.88				6.640					
4.00				6.560					
4.13				6.320					
4.25				6.160					
4.38				5.960					
4.50				5.920					
4.63				5.800					
4.75				5.560					
4.88				5.480					
5.00				5.400					
5.13				5.280					
5.25				5.280					
5.38				5.120					
5.50				5.040					
5.63				5.040					
5.75				4.840					
5.88				4.840					
6.00				4.760					
6.13				4.640					
6.25				4.640					
6.38				4.600					
6.51				4.480					
6.63				4.560					
6.76				4.400					
6.88				4.360					
7.01				4.320					
7.13				4.240					
7.26				4.200					
7.38				4.200					
7.51				4.120					
7.63				4.120					
7.76				3.880					
7.88				3.920					
8.01				3.960					
8.13				3.920					
8.26				3.880					
8.38				3.720					
8.51				3.880					
8.63				3.760					
8.76				3.720					
8.88				3.720					
9.01				3.640					
9.13				3.600					
9.26				3.640					
9.38				3.560					
9.51				3.680					
9.63				3.600					
9.76				3.520					
9.88				3.520					
10.01				3.520					
10.13				3.560					
10.26				3.400					
10.38				3.480					
10.51				3.440					
10.63				3.440					
10.76				3.480					
10.88				3.440					
11.01				3.400					
11.13				3.360					
11.26				3.320					
11.38				3.400					
11.51				3.320					
11.63				3.320					
11.76				3.280					
11.88				3.280					
12.01				3.280					
12.13				3.200					
12.26				3.200					
12.38				3.200					
12.51				3.080					
12.63				3.120					
12.76				3.240					
12.89				3.080					
13.01				3.000					
13.14				3.160					
13.26				3.080					
13.39				3.120					
13.51				3.080					
13.64				3.040					
13.76				3.000					
13.89				3.080					
14.01				3.080					
14.14				3.120					
14.26				2.960					
14.39				3.040					
14.51				3.040					
14.64				2.960					
14.76				2.920					
14.89				2.960					
15.01				3.080					
15.14				3.040					
15.26				2.920					
15.39				2.960					
15.51				2.840					
15.64				2.880					
15.76				2.920					
15.89				2.840					
16.01				2.840					
16.14				2.800					
16.26				2.840					
16.39				2.840					
16.51				2.760					
16.64				2.760					
16.76				2.800					
16.89				2.840					
17.01				2.760					
17.14				2.760					
17.26				2.720					
17.39				2.760					
17.51				2.680					
17.64				2.720					
17.76				2.640					
17.89				2.680					
18.01				2.640					
18.14				2.760					
18.26				2.560					
18.39				2.640					
18.51				2.640					
18.64				2.600					
18.76				2.560					
18.89				2.560					
19.01				2.560					
19.14				2.720					
19.27				2.480					
19.39				2.560					
19.52				2.400					
19.64				2.520					
19.77				2.560					
19.89				2.480					
20.02				2.560					
20.14				2.440					
20.27				2.480					
20.39				2.520					
20.52				2.360					
20.64				2.400					
20.77				2.480					
20.89				2.360					
21.02				2.280					
21.14				2.360					
21.27				2.320					
21.39				2.280					
21.52				2.280					
21.64				2.320					
21.77				2.200					
21.89				2.240					
22.02				2.280					
22.14				2.160					
22.27				2.120					
22.39				2.120					
22.52				2.120					
22.64				2.040					
22.77				2.120					
22.89				1.960					
23.02				1.960					
23.14				2.080					
23.27				2.000					
23.39				1.960					
23.52				1.920					
23.64				2.000					
23.77				1.960					
23.89				1.960					
24.02				1.920					
24.14				1.880					
24.27				1.920					
24.39				1.920					
24.52				1.960					
24.64				1.840					
24.77				1.880					
24.89				1.720					
25.02				1.720					
25.14				1.840					
25.27				1.760					
25.39				1.760					
25.52				1.760					
25.65				1.720					
25.77				1.720					
25.90				1.680					
26.02				1.680					
26.15				1.720					
26.27				1.640					
26.40				1.560					
26.52				1.640					
26.65				1.680					
26.77				1.600					
26.90				1.600					
27.02				1.560					
27.15				1.560					
27.27				1.640					
27.40				1.640					
27.52				1.640					
27.65				1.600					
27.77				1.600					
27.90				1.480					
28.02				1.560					
28.15				1.480					
28.27				1.520					
28.40				1.440					
28.52				1.480					
28.65				1.440					
28.77				1.520					
28.90				1.600					
29.02				1.480					
29.15				1.560					
29.27				1.480					
29.40				1.520					
29.52				1.400					
29.65				1.480					
29.77				1.440					
29.90				1.440					
30.02				1.400					
30.15				1.360					
30.27				1.520					
30.40				1.400					
30.52				1.400					
30.65				1.400					
30.77				1.480					
30.90				1.440					
31.02				1.480					
31.15				1.400					
31.27				1.440					
31.40				1.360					
31.52				1.400					
31.65				1.360					
31.77				1.440					
31.90				1.400					
32.03				1.360					
32.15				1.400					
32.28				1.440					
32.40				1.360					
32.53				1.280					
32.65				1.400					
32.78				1.440					
32.90				1.400					
33.03				1.360					
33.15				1.360					
33.28				1.360					
33.40				1.360					
33.53				1.400					
33.65				1.360					
33.78				1.440					
33.90				1.400					
34.03				1.280					
34.15				1.400					
34.28				1.320					
34.40				1.360					
34.53				1.360					
34.65				1.320					
34.78				1.200					
34.90				1.240					
35.03				1.280					
35.15				1.320					
35.28				1.360					
35.40				1.200					
35.53				1.320					
35.65				1.320					
35.78				1.320					
35.90				1.240					
36.03				1.280					
36.15				1.280					
36.28				1.320					
36.40				1.320					
36.53				1.240					
36.65				1.160					
36.78				1.320					
36.90				1.320					
37.03				1.320					
37.15				1.400					
37.28				1.360					
37.40				1.320					
37.53				1.360					
37.65				1.360					
37.78				1.400					
37.90				1.360					
38.03				1.360					
38.15				1.400					
38.28				1.360					
38.41				1.400					
38.53				1.480					
38.66				1.520					
38.78				1.520					
38.91				1.480					
39.03				1.560					
39.16				1.560					
39.28				1.440					
39.41				1.560					
39.53				1.560					
39.66				1.560					
39.78				1.720					
39.91				1.720					
40.03				1.760					
40.16				1.800					
40.28				1.720					
40.41				1.800					
40.53				1.720					
40.66				1.760					
40.78				1.840					
40.91				1.840					
41.03				1.920					
41.16				1.920					
41.28				1.920					
41.41				1.840					
41.53				2.000					
41.66				1.960					
41.78				2.000					
41.91				1.960					
42.03				2.000					
42.16				2.000					
42.28				1.840					
42.41				1.840					
42.53				1.920					
42.66				1.920					
42.78				1.880					
42.91				1.800					
43.03				1.800					
43.16				1.720					
43.28				1.800					
43.41				1.800					
43.53				1.760					
43.66				1.720					
43.78				1.760					
43.91				1.640					
44.03				1.800					
44.16				1.680					
44.28				1.720					
44.41				1.800					
44.53				1.720					
44.66				1.760					
44.78				1.760					
44.91				1.720					
45.04				1.720					
45.16				1.800					
45.29				1.760					
45.41				1.840					
45.54				1.840					
45.66				1.880					
45.79				1.800					
45.91				1.800					
46.04				1.800					
46.16				1.720					
46.29				1.720					
46.41				1.640					
46.54				1.600					
46.66				1.520					
46.79				1.520					
46.91				1.560					
47.04				1.320					
47.16				1.360					
47.29				1.240					
47.41				1.160					
47.54				1.080					
47.66				1.160					
47.79				1.160					
47.91				1.160					
48.04				1.080					
48.16				1.000					
48.29				0.960					
48.41				0.920					
48.54				0.880					
48.66				0.840					
48.79				0.920					
48.91				0.840					
49.04				0.840					
49.16				0.840					
49.29				0.840					
49.41				0.840					
49.54				0.840					
49.66				0.720					
49.79				0.800					
49.91				0.720					
50.04				0.840					
50.16				0.800					
50.29				0.720					
50.41				1.000					
50.54				1.080					
50.66				1.160					
50.79				1.000					
50.91				0.920					
51.04				0.920					
51.16				0.960					
51.29				1.040					
51.42				1.040					
51.54				1.040					
51.67				1.160					
51.79				1.240					
51.92				1.280					
52.04				1.280					
52.17				1.240					
52.29				1.360					
52.42				1.440					
52.54				1.400					
52.67				1.400					
52.79				1.560					
52.92				1.560					
53.04				1.640					
53.17				1.840					
53.29				1.880					
53.42				1.880					
53.54				1.920					
53.67				2.000					
53.79				2.000					
53.92				2.080					
54.04				2.240					
54.17				2.280					
54.29				2.440					
54.42				2.400					
54.54				2.600					
54.67				2.600					
54.79				2.720					
54.92				2.840					
55.04				2.920					
55.17				3.040					
55.29				3.120					
55.42				3.320					
55.54				3.280					
55.67				3.520					
55.79				3.560					
55.92				3.680					
56.04				3.800					
56.17				3.920					
56.29				4.000					
56.42				4.080					
56.54				4.280					
56.67				4.360					
56.79				4.480					
56.92				4.640					
57.04				4.760					
57.17				4.960					
57.29				4.880					
57.42				5.160					
57.54				5.280					
57.67				5.400					
57.80				5.520					
57.92				5.600					
58.05				5.880					
58.17				5.920					
58.30				6.120					
58.42				6.080					
58.55				6.280					
58.67				6.480					
58.80				6.520					
58.92				6.720					
59.05				6.840					
59.17				7.000					
59.30				7.120					
59.42				7.440					
59.55				7.320					
59.67				7.560					
59.80				7.720					
59.92				7.720					
60.05				8.040					
60.17				8.000					
60.30				8.280					
60.42				8.440					
60.55				8.520					
60.67				8.640					
60.80				8.760					
60.92				9.000					
61.05				9.160					
61.17				9.360					
61.30				9.360					
61.42				9.720					
61.55				9.800					
61.67				9.920					
61.80				10.160					
61.92				10.120					
62.05				10.400					
62.17				10.520					
62.30				10.840					
62.42				10.800					
62.55				11.000					
62.67				11.160					
62.80				11.280					
62.92				11.640					
63.05				11.640					
63.17				11.840					
63.30				12.000					
63.42				12.160					
63.55				12.200					
63.67				12.440					
63.80				12.680					
63.92				12.720					
64.05				13.160					
64.18				13.120					
64.30				13.400					
64.43				13.560					
64.55				13.760					
64.68				13.960					
64.80				14.040					
64.93				14.440					
65.05				14.360					
65.18				14.720					
65.30				14.760					
65.43				15.080					
65.55				15.240					
65.68				15.320					
65.80				15.760					
65.93				15.840					
66.05				16.120					
66.18				16.200					
66.30				16.600					
66.43				16.640					
66.55				16.760					
66.68				17.080					
66.80				17.040					
66.93				17.560					
67.05				17.440					
67.18				17.760					
67.30				17.920					
67.43				18.120					
67.55				18.200					
67.68				18.400					
67.80				18.600					
67.93				18.640					
68.05				19.080					
68.18				18.880					
68.30				19.200					
68.43				19.440					
68.55				19.480					
68.68				19.560					
68.80				19.760					
68.93				20.000					
69.05				20.000					
69.18				20.360					
69.30				20.080					
69.43				20.480					
69.55				20.760					
69.68				20.880					
69.80				21.280					
69.93				21.360					
70.05				21.640					
70.18				21.880					
70.30				22.240					
70.43				22.440					
70.56				22.960					
70.68				23.520					
70.81				23.720					
70.93				24.680					
71.06				24.800					
71.18				25.760					
71.31				26.440					
71.43				27.360					
71.56				28.160					
71.68				29.280					
71.81				30.480					
71.93				31.720					
72.06				33.400					
72.18				34.320					
72.31				36.320					
72.43				37.960					
72.56				39.640					
72.68				42.040					
72.81				43.800					
72.93				46.000					
73.06				48.440					
73.18				51.240					
73.31				52.640					
73.43				56.000					
73.56				58.120					
73.68				60.560					
73.81				64.160					
73.93				66.040					
74.06				68.800					
74.18				71.280					
74.31				74.800					
74.43				75.800					
74.56				78.880					
74.68				81.160					
74.81				82.920					
74.93				86.400					
75.06				86.400					
75.18				89.080					
75.31				90.640					
75.43				91.920					
75.56				92.960					
75.68				94.160					
75.81				95.520					
75.93				95.280					
76.06				97.000					
76.18				95.520					
76.31				97.000					
76.43				96.800					
76.56				95.480					
76.68				95.920					
76.81				94.680					
76.94				94.680					
77.06				93.120					
77.19				92.360					
77.31				90.520					
77.44				89.560					
77.56				88.720					
77.69				86.120					
77.81				85.360					
77.94				82.760					
78.06				82.000					
78.19				79.800					
78.31				77.080					
78.44				75.960					
78.56				73.480					
78.69				72.320					
78.81				69.520					
78.94				67.560					
79.06				65.560					
79.19				64.000					
79.31				62.000					
79.44				59.400					
79.56				58.080					
79.69				55.400					
79.81				54.280					
79.94				52.040					
80.06				49.840					
80.19				48.640					
80.31				46.400					
80.44				45.280					
80.56				43.200					
80.69				41.880					
80.81				39.920					
80.94				39.000					
81.06				37.400					
81.19				35.240					
81.31				34.720					
81.44				32.960					
81.56				32.120					
81.69				30.560					
81.81				29.240					
81.94				27.960					
82.06				27.440					
82.19				25.960					
82.31				24.400					
82.44				24.040					
82.56				22.520					
82.69				22.120					
82.81				20.920					
82.94				19.840					
83.06				19.120					
83.19				18.360					
83.32				17.800					
83.44				16.600					
83.57				16.200					
83.69				15.040					
83.82				14.880					
83.94				14.080					
84.07				13.160					
84.19				12.920					
84.32				12.160					
84.44				11.920					
84.57				11.040					
84.69				10.640					
84.82				10.000					
84.94				9.880					
85.07				9.400					
85.19				8.560					
85.32				8.600					
85.44				7.960					
85.57				7.880					
85.69				7.400					
85.82				6.960					
85.94				6.720					
86.07				6.560					
86.19				6.280					
86.32				5.760					
86.44				5.800					
86.57				5.360					
86.69				5.240					
86.82				5.080					
86.94				4.600					
87.07				4.600					
87.19				4.360					
87.32				4.200					
87.44				4.080					
87.57				4.000					
87.69				3.640					
87.82				3.600					
87.94				3.520					
88.07				3.280					
88.19				3.280					
88.32				3.080					
88.44				2.920					
88.57				2.960					
88.69				2.840					
88.82				2.760					
88.94				2.720					
89.07				2.520					
89.19				2.480					
89.32				2.400					
89.44				2.280					
89.57				2.320					
89.70				2.200					
89.82				2.040					
89.95				2.000					
90.07				2.000					
90.20				1.960					
90.32				2.000					
90.45				1.920					
90.57				1.800					
90.70				1.800					
90.82				1.800					
90.95				1.720					
91.07				1.880					
91.20				1.680					
91.32				1.560					
91.45				1.640					
91.57				1.640					
91.70				1.520					
91.82				1.560					
91.95				1.440					
92.07				1.560					
92.20				1.560					
92.32				1.520					
92.45				1.520					
92.57				1.560					
92.70				1.480					
92.82				1.520					
92.95				1.600					
93.07				1.520					
93.20				1.520					
93.32				1.520					
93.45				1.480					
93.57				1.520					
93.70				1.560					
93.82				1.480					
93.95				1.560					
94.07				1.560					
94.20				1.520					
94.32				1.560					
94.45				1.600					
94.57				1.480					
94.70				1.480					
94.82				1.560					
94.95				1.560					
95.07				1.440					
95.20				1.480					
95.32				1.480					
95.45				1.480					
95.57				1.520					
95.70				1.440					
95.82				1.480					
95.95				1.520					
96.08				1.440					
96.20				1.400					
96.33				1.360					
96.45				1.360					
96.58				1.280					
96.70				1.240					
96.83				1.240					
96.95				1.280					
97.08				1.240					
97.20				1.200					
97.33				1.200					
97.45				1.080					
97.58				1.000					
97.70				1.080					
97.83				1.040					
97.95				0.920					
98.08				0.920					
98.20				1.000					
98.33				0.920					
98.45				0.880					
98.58				0.800					
98.70				0.840					
98.83				0.880					
98.95				0.760					
99.08				0.800					
99.20				0.840					
99.33				0.760					
99.45				0.680					
99.58				0.800					
99.70				0.720					
99.83				0.760					
99.95				0.720					
100.08				0.640					
100.20				0.720					
100.33				0.640					
100.45				0.680					
100.58				0.560					
100.70				0.640					
100.83				0.600					
100.95				0.680					
101.08				0.480					
101.20				0.520					
101.33				0.600					
101.45				0.640					
101.58				0.600					
101.70				0.560					
101.83				0.600					
101.95				0.520					
102.08				0.560					
102.20				0.560					
102.33				0.600					
102.46				0.520					
102.58				0.600					
102.71				0.520					
102.83				0.600					
102.96				0.520					
103.08				0.520					
103.21				0.600					
103.33				0.520					
103.46				0.600					
103.58				0.640					
103.71				0.520					
103.83				0.600					
103.96				0.600					
104.08				0.680					
104.21				0.640					
104.33				0.680					
104.46				0.680					
104.58				0.760					
104.71				0.720					
104.83				0.760					
104.96				0.800					
105.08				0.880					
105.21				0.920					
105.33				0.880					
105.46				0.840					
105.58				0.920					
105.71				0.960					
105.83				1.000					
105.96				1.040					
106.08				1.080					
106.21				1.040					
106.33				1.200					
106.46				1.160					
106.58				1.160					
106.71				1.160					
106.83				1.200					
106.96				1.280					
107.08				1.360					
107.21				1.320					
107.33				1.400					
107.46				1.440					
107.58				1.440					
107.71				1.400					
107.83				1.560					
107.96				1.560					
108.08				1.600					
108.21				1.560					
108.33				1.520					
108.46				1.560					
108.58				1.600					
108.71				1.640					
108.84				1.600					
108.96				1.600					
109.09				1.680					
109.21				1.720					
109.34				1.640					
109.46				1.680					
109.59				1.720					
109.71				1.680					
109.84				1.640					
109.96				1.520					
110.09				1.680					
110.21				1.680					
110.34				1.760					
110.46				1.680					
110.59				1.640					
110.71				1.600					
110.84				1.640					
110.96				1.680					
111.09				1.600					
111.21				1.680					
111.34				1.560					
111.46				1.560					
111.59				1.600					
111.71				1.560					
111.84				1.560					
111.96				1.520					
112.09				1.480					
112.21				1.440					
112.34				1.440					
112.46				1.480					
112.59				1.320					
112.71				1.440					
112.84				1.400					
112.96				1.400					
113.09				1.360					
113.21				1.360					
113.34				1.280					
113.46				1.280					
113.59				1.200					
113.71				1.200					
113.84				1.240					
113.96				1.200					
114.09				1.160					
114.21				1.160					
114.34				1.120					
114.46				1.040					
114.59				1.040					
114.71				1.000					
114.84				0.960					
114.96				0.880					
115.09				0.800					
115.22				0.800					
115.34				0.800					
115.47				0.680					
115.59				0.760					
115.72				0.720					
115.84				0.600					
115.97				0.600					
116.09				0.480					
116.22				0.440					
116.34				0.400					
116.47				0.360					
116.59				0.240					
116.72				0.160					
116.84				0.160					
116.97				0.080					
117.09				0.040					
117.22				0.040					
117.34				-0.040					
117.47				-0.120					
117.59				-0.160					
117.72				-0.120					
117.84				-0.200					
117.97				-0.280					
118.09				-0.400					
118.22				-0.320					
118.34				-0.360					
118.47				-0.480					
118.59				-0.400					
118.72				-0.520					
118.84				-0.560					
118.97				-0.560					
119.09				-0.600					
119.22				-0.640					
119.34				-0.640					
119.47				-0.680					
119.59				-0.680					
119.72				-0.760					
119.84				-0.720					
119.97				-0.840					
									
0.00	5.1468								
0.13	4.8528								
0.25	4.6188								
0.38	4.5780								
0.50	5.3544								
0.63	5.6520								
0.75	6.1800								
0.88	5.4492								
1.00	5.2308								
1.13	4.9380								
1.25	4.8132								
1.38	4.7556								
1.50	4.7304								
1.63	4.6248								
1.75	4.5168								
1.88	4.4880								
2.00	4.3668								
2.13	4.2912								
2.26	4.2012								
2.38	4.1016								
2.51	4.0824								
2.63	3.9684								
2.76	3.9216								
2.88	3.8028								
3.01	3.7848								
3.13	3.6564								
3.26	3.6048								
3.38	3.5436								
3.51	3.4440								
3.63	3.3528								
3.76	3.2748								
3.88	3.2244								
4.01	3.1740								
4.13	3.0852								
4.26	2.9832								
4.39	2.9424								
4.51	2.8356								
4.64	2.7456								
4.76	2.7216								
4.89	2.6220								
5.01	2.5632								
5.14	2.4528								
5.26	2.4312								
5.39	2.3340								
5.51	2.2668								
5.64	2.2224								
5.76	2.1072								
5.89	2.0664								
6.01	1.9380								
6.14	1.9068								
6.27	1.8552								
6.39	1.7928								
6.52	1.7160								
6.64	1.6572								
6.77	1.5864								
6.89	1.5156								
7.02	1.4880								
7.14	1.3824								
7.27	1.3572								
7.39	1.3068								
7.52	1.2492								
7.64	1.2132								
7.77	1.1736								
7.89	1.1184								
8.02	0.9996								
8.14	1.0200								
8.27	0.9540								
8.40	0.9180								
8.52	0.8892								
8.65	0.8088								
8.77	0.7740								
8.90	0.7848								
9.02	0.7320								
9.15	0.6840								
9.27	0.7032								
9.40	0.6504								
9.52	0.6372								
9.65	0.6348								
9.77	0.5832								
9.90	0.5628								
10.02	0.5616								
10.15	0.5376								
10.27	0.5136								
10.40	0.5196								
10.53	0.4884								
10.65	0.4872								
10.78	0.4644								
10.90	0.4464								
11.03	0.4752								
11.15	0.4236								
11.28	0.4092								
11.40	0.3876								
11.53	0.3816								
11.65	0.3720								
11.78	0.3612								
11.90	0.3312								
12.03	0.3276								
12.15	0.2964								
12.28	0.3192								
12.40	0.3000								
12.53	0.2616								
12.66	0.2568								
12.78	0.2736								
12.91	0.2532								
13.03	0.2472								
13.16	0.1824								
13.28	0.2256								
13.41	0.1656								
13.53	0.1632								
13.66	0.1416								
13.78	0.1212								
13.91	0.1356								
14.03	0.1068								
14.16	0.0936								
14.28	0.0756								
14.41	0.0540								
14.54	0.0384								
14.66	0.0516								
14.79	0.0096								
14.91	0.0144								
15.04	0.0312								
15.16	-0.0156								
15.29	-0.0336								
15.41	-0.0348								
15.54	-0.0612								
15.66	-0.0468								
15.79	-0.0552								
15.91	-0.0744								
16.04	-0.0840								
16.16	-0.1392								
16.29	-0.1668								
16.41	-0.1368								
16.54	-0.1644								
16.67	-0.1944								
16.79	-0.1668								
16.92	-0.1740								
17.04	-0.1992								
17.17	-0.1992								
17.29	-0.1956								
17.42	-0.2388								
17.54	-0.2016								
17.67	-0.2580								
17.79	-0.2640								
17.92	-0.2640								
18.04	-0.2760								
18.17	-0.3000								
18.29	-0.3240								
18.42	-0.3228								
18.54	-0.3420								
18.67	-0.3228								
18.80	-0.3420								
18.92	-0.3624								
19.05	-0.3504								
19.17	-0.3768								
19.30	-0.3864								
19.42	-0.3744								
19.55	-0.3960								
19.67	-0.4032								
19.80	-0.4092								
19.92	-0.4356								
20.05	-0.4188								
20.17	-0.4308								
20.30	-0.4608								
20.42	-0.4428								
20.55	-0.4476								
20.67	-0.4440								
20.80	-0.4560								
20.93	-0.4632								
21.05	-0.4500								
21.18	-0.4584								
21.30	-0.4776								
21.43	-0.4800								
21.55	-0.4872								
21.68	-0.5004								
21.80	-0.5004								
21.93	-0.4884								
22.05	-0.5184								
22.18	-0.5232								
22.30	-0.5136								
22.43	-0.5196								
22.55	-0.5448								
22.68	-0.5316								
22.80	-0.5544								
22.93	-0.5424								
23.06	-0.5580								
23.18	-0.5676								
23.31	-0.5472								
23.43	-0.5520								
23.56	-0.5616								
23.68	-0.5712								
23.81	-0.5856								
23.93	-0.5916								
24.06	-0.5592								
24.18	-0.5952								
24.31	-0.5952								
24.43	-0.5700								
24.56	-0.6192								
24.68	-0.5964								
24.81	-0.6012								
24.94	-0.5988								
25.06	-0.5784								
25.19	-0.5880								
25.31	-0.6120								
25.44	-0.6228								
25.56	-0.5916								
25.69	-0.6288								
25.81	-0.6276								
25.94	-0.5976								
26.06	-0.6024								
26.19	-0.6084								
26.31	-0.6180								
26.44	-0.6084								
26.56	-0.6252								
26.69	-0.6396								
26.81	-0.6456								
26.94	-0.5880								
27.07	-0.6396								
27.19	-0.6432								
27.32	-0.6504								
27.44	-0.6468								
27.57	-0.6456								
27.69	-0.6468								
27.82	-0.6384								
27.94	-0.6600								
28.07	-0.6276								
28.19	-0.6504								
28.32	-0.6516								
28.44	-0.6288								
28.57	-0.6636								
28.69	-0.6264								
28.82	-0.6192								
28.94	-0.6564								
29.07	-0.6672								
29.20	-0.6828								
29.32	-0.6588								
29.45	-0.6408								
29.57	-0.6396								
29.70	-0.6432								
29.82	-0.6780								
29.95	-0.6852								
30.07	-0.6456								
30.20	-0.6408								
30.32	-0.6564								
30.45	-0.6396								
30.57	-0.6960								
30.70	-0.6444								
30.82	-0.6696								
30.95	-0.6648								
31.07	-0.6444								
31.20	-0.6756								
31.33	-0.6492								
31.45	-0.6660								
31.58	-0.6528								
31.70	-0.6372								
31.83	-0.6060								
31.95	-0.6420								
32.08	-0.6468								
32.20	-0.6396								
32.33	-0.6420								
32.45	-0.6204								
32.58	-0.5460								
32.70	-0.6396								
32.83	-0.6216								
32.95	-0.6468								
33.08	-0.6384								
33.20	-0.6624								
33.33	-0.6336								
33.46	-0.6564								
33.58	-0.6756								
33.71	-0.6336								
33.83	-0.6624								
33.96	-0.6576								
34.08	-0.6600								
34.21	-0.6336								
34.33	-0.6432								
34.46	-0.6792								
34.58	-0.6156								
34.71	-0.6324								
34.83	-0.5988								
34.96	-0.6000								
35.08	-0.6024								
35.21	-0.5904								
35.34	-0.6012								
35.46	-0.5832								
35.59	-0.6084								
35.71	-0.5496								
35.84	-0.5556								
35.96	-0.5292								
36.09	-0.5136								
36.21	-0.5172								
36.34	-0.4788								
36.46	-0.4596								
36.59	-0.4572								
36.71	-0.4416								
36.84	-0.3852								
36.96	-0.3708								
37.09	-0.3588								
37.21	-0.3132								
37.34	-0.2736								
37.47	-0.2424								
37.59	-0.1464								
37.72	-0.1380								
37.84	-0.1032								
37.97	-0.0432								
38.09	0.0144								
38.22	0.0420								
38.34	0.0504								
38.47	0.1272								
38.59	0.1956								
38.72	0.2556								
38.84	0.4152								
38.97	0.4872								
39.09	0.4896								
39.22	0.4752								
39.34	0.5100								
39.47	0.5808								
39.60	0.6384								
39.72	0.6576								
39.85	0.7608								
39.97	0.8004								
40.10	0.8412								
40.22	0.9108								
40.35	0.9552								
40.47	1.0236								
40.60	1.0368								
40.72	1.0968								
40.85	1.1412								
40.97	1.1928								
41.10	1.2192								
41.22	1.2504								
41.35	1.2756								
41.47	1.3008								
41.60	1.3272								
41.73	1.3788								
41.85	1.3992								
41.98	1.4580								
42.10	1.4844								
42.23	1.5420								
42.35	1.6392								
42.48	1.7400								
42.60	1.8708								
42.73	2.0292								
42.85	2.2320								
42.98	2.4780								
43.10	2.6808								
43.23	2.9796								
43.35	3.1608								
43.48	3.5256								
43.61	3.8280								
43.73	4.0584								
43.86	4.2732								
43.98	4.4412								
44.11	4.6716								
44.23	4.8408								
44.36	4.9548								
44.48	4.9812								
44.61	5.0808								
44.73	5.1600								
44.86	5.1216								
44.98	5.1300								
45.11	5.1372								
45.23	5.1060								
45.36	5.0868								
45.48	5.0544								
45.61	4.9776								
45.74	4.9920								
45.86	4.9572								
45.99	4.9548								
46.11	4.9752								
46.24	5.0088								
46.36	5.1060								
46.49	5.2176								
46.61	5.3616								
46.74	5.5344								
46.86	5.7252								
46.99	5.8728								
47.11	6.0060								
47.24	6.1812								
47.36	6.2352								
47.49	6.3348								
47.61	6.3108								
47.74	6.2220								
47.87	6.0660								
47.99	5.9160								
48.12	5.6544								
48.24	5.4324								
48.37	5.1384								
48.49	4.8540								
48.62	4.5612								
48.74	4.3068								
48.87	4.0728								
48.99	3.7920								
49.12	3.6108								
49.24	3.3156								
49.37	3.2256								
49.49	2.9976								
49.62	2.8536								
49.74	2.6832								
49.87	2.4828								
50.00	2.4096								
50.12	2.2776								
50.25	2.1684								
50.37	2.0184								
50.50	1.9416								
50.62	1.9008								
50.75	1.8252								
50.87	1.7280								
51.00	1.6224								
51.12	1.5792								
51.25	1.5468								
51.37	1.4916								
51.50	1.3836								
51.62	1.3152								
51.75	1.2828								
51.87	1.3020								
52.00	1.2672								
52.13	1.1904								
52.25	1.1616								
52.38	1.1004								
52.50	1.1256								
52.63	1.0908								
52.75	1.0620								
52.88	1.0308								
53.00	1.0092								
53.13	1.0044								
53.25	0.9564								
53.38	0.9708								
53.50	0.9504								
53.63	0.9516								
53.75	0.9516								
53.88	0.9240								
54.01	0.9432								
54.13	0.9228								
54.26	0.8784								
54.38	0.8676								
54.51	0.8604								
54.63	0.8580								
54.76	0.8868								
54.88	0.8904								
55.01	0.8544								
55.13	0.8328								
55.26	0.8424								
55.38	0.8028								
55.51	0.8004								
55.63	0.8088								
55.76	0.8760								
55.88	0.8220								
56.01	0.8196								
56.14	0.7824								
56.26	0.7788								
56.39	0.7800								
56.51	0.7776								
56.64	0.7536								
56.76	0.7464								
56.89	0.7548								
57.01	0.7752								
57.14	0.7452								
57.26	0.7596								
57.39	0.7380								
57.51	0.7284								
57.64	0.7260								
57.76	0.7332								
57.89	0.7416								
58.01	0.7824								
58.14	0.7812								
58.27	0.7272								
58.39	0.7416								
58.52	0.7512								
58.64	0.7704								
58.77	0.7800								
58.89	0.7836								
59.02	0.7824								
59.14	0.8076								
59.27	0.8256								
59.39	0.8052								
59.52	0.8400								
59.64	0.8580								
59.77	0.8964								
59.89	0.8856								
60.02	0.9216								
60.14	0.9792								
60.27	0.9504								
60.40	1.0068								
60.52	1.0296								
60.65	1.0380								
60.77	1.0584								
60.90	1.0752								
61.02	1.1268								
61.15	1.1136								
61.27	1.2036								
61.40	1.2096								
61.52	1.2288								
61.65	1.2432								
61.77	1.2804								
61.90	1.3176								
62.02	1.3392								
62.15	1.4004								
62.28	1.4112								
62.40	1.4088								
62.53	1.4880								
62.65	1.5000								
62.78	1.5252								
62.90	1.5312								
63.03	1.5756								
63.15	1.5936								
63.28	1.6644								
63.40	1.6152								
63.53	1.6476								
63.65	1.7388								
63.78	1.7124								
63.90	1.7232								
64.03	1.7616								
64.15	1.7532								
64.28	1.8024								
64.41	1.8288								
64.53	1.8192								
64.66	1.8576								
64.78	1.9140								
64.91	1.9056								
65.03	1.9380								
65.16	1.9320								
65.28	1.9752								
65.41	2.0004								
65.53	2.0244								
65.66	2.0364								
65.78	2.0532								
65.91	2.1048								
66.03	2.0880								
66.16	2.1480								
66.28	2.1792								
66.41	2.1936								
66.54	2.2524								
66.66	2.2164								
66.79	2.2692								
66.91	2.2752								
67.04	2.3052								
67.16	2.3724								
67.29	2.4168								
67.41	2.4540								
67.54	2.4564								
67.66	2.5212								
67.79	2.5512								
67.91	2.5992								
68.04	2.6592								
68.16	2.6820								
68.29	2.7756								
68.41	2.8488								
68.54	2.8500								
68.67	2.9340								
68.79	3.0072								
68.92	3.0468								
69.04	3.1572								
69.17	3.2412								
69.29	3.2748								
69.42	3.3912								
69.54	3.4620								
69.67	3.5196								
69.79	3.6036								
69.92	3.6852								
70.04	3.7752								
70.17	3.9204								
70.29	3.9924								
70.42	4.0584								
70.54	4.2384								
70.67	4.3260								
70.80	4.4364								
70.92	4.5624								
71.05	4.7004								
71.17	4.8024								
71.30	4.9860								
71.42	5.0652								
71.55	5.1996								
71.67	5.4240								
71.80	5.4876								
71.92	5.6448								
72.05	5.8356								
72.17	5.9712								
72.30	6.1464								
72.42	6.3264								
72.55	6.4032								
72.68	6.6348								
72.80	6.8748								
72.93	6.9444								
73.05	7.1976								
73.18	7.3260								
73.30	7.5204								
73.43	7.7820								
73.55	7.9092								
73.68	8.0148								
73.80	8.2872								
73.93	8.5428								
74.05	8.5776								
74.18	8.8836								
74.30	9.0264								
74.43	9.2184								
74.55	9.4776								
74.68	9.6420								
74.81	9.7584								
74.93	10.0416								
75.06	10.2048								
75.18	10.3668								
75.31	10.6260								
75.43	10.7112								
75.56	10.9392								
75.68	11.2308								
75.81	11.3220								
75.93	11.5572								
76.06	11.7288								
76.18	11.9016								
76.31	12.1716								
76.43	12.3708								
76.56	12.4368								
76.68	12.6972								
76.81	12.9780								
76.94	13.0596								
77.06	13.3572								
77.19	13.5312								
77.31	13.6992								
77.44	14.0352								
77.56	14.2752								
77.69	14.3304								
77.81	14.6844								
77.94	14.9604								
78.06	15.0804								
78.19	15.5172								
78.31	15.6348								
78.44	15.9360								
78.56	16.3896								
78.69	16.6788								
78.81	16.9644								
78.94	17.3832								
79.07	17.7528								
79.19	18.1284								
79.32	18.7536								
79.44	19.0404								
79.57	19.5840								
79.69	20.3796								
79.82	20.7864								
79.94	21.5208								
80.07	22.1016								
80.19	22.8636								
80.32	23.7828								
80.44	24.7380								
80.57	25.3152								
80.69	26.4108								
80.82	27.7236								
80.94	28.3824								
81.07	29.8116								
81.20	30.6876								
81.32	31.9116								
81.45	33.5856								
81.57	34.8972								
81.70	35.7780								
81.82	37.4064								
81.95	39.0984								
82.07	40.1712								
82.20	42.3384								
82.32	43.1820								
82.45	44.9616								
82.57	47.0136								
82.70	48.1668								
82.82	49.6728								
82.95	51.2136								
83.08	52.7196								
83.20	54.3120								
83.33	56.3664								
83.45	57.0276								
83.58	58.5960								
83.70	60.6324								
83.83	61.2000								
83.95	62.9040								
84.08	63.8988								
84.20	65.0460								
84.33	66.5376								
84.45	67.9740								
84.58	68.2188								
84.70	69.4572								
84.83	71.2152								
84.95	71.0916								
85.08	72.7428								
85.21	73.3140								
85.33	73.9020								
85.46	75.4620								
85.58	76.0668								
85.71	76.2720								
85.83	77.2692								
85.96	78.0912								
86.08	78.4884								
86.21	80.0400								
86.33	80.3676								
86.46	80.8332								
86.58	82.4544								
86.71	82.6608								
86.83	83.5740								
86.96	84.3804								
87.08	84.8976								
87.21	85.9692								
87.34	87.3192								
87.46	87.5988								
87.59	88.2744								
87.71	89.8008								
87.84	89.7984								
87.96	90.9648								
88.09	91.6260								
88.21	91.9608								
88.34	93.1560								
88.46	93.7272								
88.59	93.7044								
88.71	94.2780								
88.84	95.1588								
88.96	94.6680								
89.09	95.3916								
89.21	95.6052								
89.34	94.9608								
89.47	95.5848								
89.59	95.0160								
89.72	94.6644								
89.84	94.3632								
89.97	93.6816								
90.09	92.8008								
90.22	92.5356								
90.34	91.7748								
90.47	90.1752								
90.59	89.7720								
90.72	88.0752								
90.84	87.1848								
90.97	85.9020								
91.09	83.7924								
91.22	82.8768								
91.35	81.2364								
91.47	80.0472								
91.60	77.8308								
91.72	76.4004								
91.85	74.3004								
91.97	72.8088								
92.10	71.4528								
92.22	68.6496								
92.35	67.4844								
92.47	65.2644								
92.60	64.1448								
92.72	61.8576								
92.85	59.8608								
92.97	58.0440								
93.10	56.1228								
93.22	55.2588								
93.35	52.5516								
93.48	51.2652								
93.60	49.4100								
93.73	48.2448								
93.85	46.4616								
93.98	44.4900								
94.10	43.4484								
94.23	41.4768								
94.35	41.0556								
94.48	38.9232								
94.60	37.4880								
94.73	36.2892								
94.85	35.2740								
94.98	34.2216								
95.10	32.4396								
95.23	31.8324								
95.35	30.2172								
95.48	29.9148								
95.61	28.4628								
95.73	27.1932								
95.86	26.5392								
95.98	25.5036								
96.11	25.1292								
96.23	23.6568								
96.36	23.1180								
96.48	22.0680								
96.61	21.8292								
96.73	20.8320								
96.86	19.7688								
96.98	19.4844								
97.11	18.5292								
97.23	18.4524								
97.36	17.4660								
97.48	16.8132								
97.61	16.2000								
97.74	15.9960								
97.86	15.4320								
97.99	14.5920								
98.11	14.4216								
98.24	13.6392								
98.36	13.6248								
98.49	12.9252								
98.61	12.4200								
98.74	12.0996								
98.86	11.7288								
98.99	11.4816								
99.11	10.9020								
99.24	10.7460								
99.36	10.1712								
99.49	10.1376								
99.61	9.7224								
99.74	9.2484								
99.87	9.1680								
99.99	8.7924								
100.12	8.7372								
100.24	8.3304								
100.37	8.1420								
100.49	7.8348								
100.62	7.7844								
100.74	7.5096								
100.87	7.1460								
100.99	7.1808								
101.12	6.8376								
101.24	6.8652								
101.37	6.6108								
101.49	6.4608								
101.62	6.2724								
101.75	6.2316								
101.87	6.0984								
102.00	5.8368								
102.12	5.8584								
102.25	5.6448								
102.37	5.6376								
102.50	5.4900								
102.62	5.3280								
102.75	5.2500								
102.87	5.1600								
103.00	5.1072								
103.12	4.9572								
103.25	4.9212								
103.37	4.7376								
103.50	4.7220								
103.62	4.6380								
103.75	4.5384								
103.88	4.4700								
104.00	4.3956								
104.13	4.3536								
104.25	4.2228								
104.38	4.1592								
104.50	4.0668								
104.63	4.0392								
104.75	3.9612								
104.88	3.8412								
105.00	3.8484								
105.13	3.7524								
105.25	3.8376								
105.38	3.6600								
105.50	3.6468								
105.63	3.6396								
105.75	3.6132								
105.88	3.5652								
106.01	3.4320								
106.13	3.4176								
106.26	3.3852								
106.38	3.3972								
106.51	3.3444								
106.63	3.2880								
106.76	3.2556								
106.88	3.2280								
107.01	3.2148								
107.13	3.1536								
107.26	3.1572								
107.38	3.1056								
107.51	3.0924								
107.63	3.1164								
107.76	3.0828								
107.88	3.1104								
108.01	3.0660								
108.14	3.0852								
108.26	3.0288								
108.39	3.1044								
108.51	3.1068								
108.64	3.1452								
108.76	3.1356								
108.89	3.1308								
109.01	3.1788								
109.14	3.1644								
109.26	3.1740								
109.39	3.1872								
109.51	3.2124								
109.64	3.2280								
109.76	3.2352								
109.89	3.2340								
110.02	3.2256								
110.14	3.2388								
110.27	3.1860								
110.39	3.2220								
110.52	3.1860								
110.64	3.1488								
110.77	3.1548								
110.89	3.0888								
111.02	3.1272								
111.14	3.0840								
111.27	3.0420								
111.39	2.9892								
111.52	2.9592								
111.64	2.8776								
111.77	2.8344								
111.89	2.7132								
112.02	2.6448								
112.15	2.5908								
112.27	2.5740								
112.40	2.5284								
112.52	2.4432								
112.65	2.4144								
112.77	2.3592								
112.90	2.2740								
113.02	2.2716								
113.15	2.2140								
113.27	2.2092								
113.40	2.1072								
113.52	2.0676								
113.65	2.0760								
113.77	2.0424								
113.90	1.9824								
114.02	1.9464								
114.15	1.9392								
114.28	1.8936								
114.40	1.8984								
114.53	1.8396								
114.65	1.8156								
114.78	1.7940								
114.90	1.7592								
115.03	1.7292								
115.15	1.7208								
115.28	1.6884								
115.40	1.6512								
115.53	1.6644								
115.65	1.7232								
115.78	1.6800								
115.90	1.5852								
116.03	1.5852								
116.15	1.5768								
116.28	1.5348								
116.41	1.5372								
116.53	1.4832								
116.66	1.4928								
116.78	1.4484								
116.91	1.4184								
117.03	1.4364								
117.16	1.3872								
117.28	1.4028								
117.41	1.3392								
117.53	1.3368								
117.66	1.2972								
117.78	1.2720								
117.91	1.2792								
118.03	1.2360								
118.16	1.2276								
118.28	1.1808								
118.41	1.1868								
118.54	1.1628								
118.66	1.1388								
118.79	1.1088								
118.91	1.0896								
119.04	1.1016								
119.16	1.0488								
119.29	1.0476								
119.41	1.0560								
119.54	1.0332								
119.66	1.0020								
119.79	0.9648								
119.91	0.9828								
									
									
0.00							1.2537		
0.13							1.1949		
0.26							0.5019		
0.38							2.7930		
0.51							2.0958		
0.64							1.9866		
0.77							1.7157		
0.89							1.4847		
1.02							1.1487		
1.15							0.9639		
1.28							0.9072		
1.41							0.7056		
1.53							0.6699		
1.66							0.5943		
1.79							0.5355		
1.92							0.4368		
2.04							0.3780		
2.17							0.3738		
2.30							0.3045		
2.43							0.3045		
2.56							0.2520		
2.68							0.2835		
2.81							0.2247		
2.94							0.2352		
3.07							0.1701		
3.20							0.1995		
3.32							0.1596		
3.45							0.1554		
3.58							0.1365		
3.71							0.1155		
3.83							0.1029		
3.96							0.0924		
4.09							0.0882		
4.22							0.0756		
4.35							0.0399		
4.47							0.0189		
4.60							0.0105		
4.73							0.0042		
4.86							0.0357		
4.98							-0.0252		
5.11							-0.0189		
5.24							-0.0336		
5.37							-0.0420		
5.50							-0.0735		
5.62							-0.1302		
5.75							-0.0861		
5.88							-0.0756		
6.01							-0.0630		
6.13							-0.1239		
6.26							-0.1113		
6.39							-0.1281		
6.52							-0.1407		
6.65							-0.1680		
6.77							-0.1386		
6.90							-0.1722		
7.03							-0.1323		
7.16							-0.1701		
7.29							-0.1659		
7.41							-0.2016		
7.54							-0.1953		
7.67							-0.2373		
7.80							-0.2415		
7.92							-0.2940		
8.05							-0.2142		
8.18							-0.2478		
8.31							-0.2835		
8.44							-0.2226		
8.56							-0.2331		
8.69							-0.2835		
8.82							-0.2520		
8.95							-0.3066		
9.07							-0.3276		
9.20							-0.2772		
9.33							-0.3066		
9.46							-0.3066		
9.59							-0.2457		
9.71							-0.2919		
9.84							-0.3087		
9.97							-0.3087		
10.10							-0.2562		
10.22							-0.2730		
10.35							-0.3024		
10.48							-0.2772		
10.61							-0.2772		
10.74							-0.3465		
10.86							-0.3003		
10.99							-0.2772		
11.12							-0.2667		
11.25							-0.3276		
11.38							-0.2856		
11.50							-0.2793		
11.63							-0.3045		
11.76							-0.2331		
11.89							-0.3339		
12.01							-0.2730		
12.14							-0.3087		
12.27							0.4473		
12.40							0.4914		
12.53							0.3255		
12.65							0.2016		
12.78							0.1722		
12.91							0.0462		
13.04							0.0294		
13.16							-0.0147		
13.29							0.0063		
13.42							-0.0861		
13.55							-0.0777		
13.68							-0.0966		
13.80							-0.1302		
13.93							-0.1470		
14.06							-0.1050		
14.19							-0.1428		
14.31							-0.1512		
14.44							-0.1596		
14.57							-0.1260		
14.70							-0.2163		
14.83							-0.1764		
14.95							-0.2037		
15.08							-0.1806		
15.21							-0.1848		
15.34							-0.2079		
15.47							-0.2079		
15.59							-0.2079		
15.72							-0.1995		
15.85							-0.2163		
15.98							-0.2163		
16.10							-0.2373		
16.23							-0.2205		
16.36							-0.2016		
16.49							-0.2394		
16.62							-0.2352		
16.74							-0.2058		
16.87							-0.2499		
17.00							-0.2037		
17.13							-0.2289		
17.25							-0.2058		
17.38							-0.2562		
17.51							-0.2289		
17.64							-0.2436		
17.77							-0.2499		
17.89							-0.2436		
18.02							-0.2394		
18.15							-0.2394		
18.28							-0.2793		
18.40							-0.2016		
18.53							-0.2835		
18.66							-0.2415		
18.79							-0.2520		
18.92							-0.2415		
19.04							-0.3129		
19.17							-0.2331		
19.30							-0.2625		
19.43							-0.2562		
19.55							-0.2394		
19.68							-0.2520		
19.81							-0.2709		
19.94							-0.2709		
20.07							-0.2667		
20.19							-0.3129		
20.32							-0.2541		
20.45							-0.2541		
20.58							-0.2751		
20.71							-0.2688		
20.83							-0.2562		
20.96							-0.2898		
21.09							-0.2793		
21.22							-0.2604		
21.34							-0.2289		
21.47							-0.2604		
21.60							-0.2058		
21.73							-0.2436		
21.86							-0.2961		
21.98							-0.2730		
22.11							-0.2730		
22.24							-0.2625		
22.37							-0.2625		
22.49							-0.2835		
22.62							-0.2835		
22.75							-0.2499		
22.88							-0.2583		
23.01							-0.2856		
23.13							-0.2121		
23.26							-0.3108		
23.39							-0.2856		
23.52							-0.2352		
23.64							-0.2772		
23.77							-0.2289		
23.90							-0.2646		
24.03							-0.2310		
24.16							-0.3045		
24.28							-0.2478		
24.41							-0.2625		
24.54							-0.2982		
24.67							-0.2646		
24.80							-0.2856		
24.92							-0.2898		
25.05							-0.2667		
25.18							-0.2688		
25.31							-0.2541		
25.43							-0.2583		
25.56							-0.2877		
25.69							-0.2247		
25.82							-0.2856		
25.95							-0.2394		
26.07							-0.2751		
26.20							-0.2877		
26.33							-0.3150		
26.46							-0.2751		
26.58							-0.2394		
26.71							-0.2688		
26.84							-0.2331		
26.97							-0.2961		
27.10							-0.2331		
27.22							-0.2730		
27.35							-0.2646		
27.48							-0.2961		
27.61							-0.2688		
27.73							-0.2730		
27.86							-0.2205		
27.99							-0.2940		
28.12							-0.2268		
28.25							-0.2226		
28.37							-0.2751		
28.50							-0.2268		
28.63							-0.2793		
28.76							-0.2499		
28.89							-0.2226		
29.01							-0.2751		
29.14							-0.2583		
29.27							-0.3066		
29.40							-0.2457		
29.52							-0.2226		
29.65							-0.2856		
29.78							-0.2541		
29.91							-0.2331		
30.04							-0.2793		
30.16							-0.3003		
30.29							-0.2730		
30.42							-0.2415		
30.55							-0.2751		
30.67							-0.2814		
30.80							-0.2982		
30.93							-0.3150		
31.06							-0.3213		
31.19							-0.2961		
31.31							-0.3192		
31.44							-0.2982		
31.57							-0.2688		
31.70							-0.3087		
31.82							-0.2835		
31.95							-0.3276		
32.08							-0.3297		
32.21							-0.3507		
32.34							-0.3465		
32.46							-0.3255		
32.59							-0.3402		
32.72							-0.3612		
32.85							-0.3612		
32.98							-0.3570		
33.10							-0.3780		
33.23							-0.3843		
33.36							-0.3234		
33.49							-0.3654		
33.61							-0.3591		
33.74							-0.3423		
33.87							-0.3801		
34.00							-0.3507		
34.13							-0.3423		
34.25							-0.3780		
34.38							-0.3339		
34.51							-0.3549		
34.64							-0.3423		
34.76							-0.3696		
34.89							-0.3969		
35.02							-0.3906		
35.15							-0.3486		
35.28							-0.3402		
35.40							-0.3234		
35.53							-0.3633		
35.66							-0.3549		
35.79							-0.3549		
35.91							-0.3948		
36.04							-0.3591		
36.17							-0.4242		
36.30							-0.3591		
36.43							-0.3507		
36.55							-0.3864		
36.68							-0.3759		
36.81							-0.3864		
36.94							-0.3549		
37.07							-0.3423		
37.19							-0.3654		
37.32							-0.3969		
37.45							-0.3675		
37.58							-0.3087		
37.70							-0.2814		
37.83							-0.3234		
37.96							-0.3528		
38.09							-0.3696		
38.22							-0.3528		
38.34							-0.3696		
38.47							-0.3528		
38.60							-0.3738		
38.73							-0.3024		
38.85							-0.3045		
38.98							-0.2478		
39.11							-0.2814		
39.24							-0.2541		
39.37							-0.2751		
39.49							-0.2499		
39.62							-0.2583		
39.75							-0.2016		
39.88							-0.1890		
40.00							-0.1869		
40.13							-0.1617		
40.26							-0.1281		
40.39							-0.0651		
40.52							-0.0483		
40.64							0.0042		
40.77							0.0567		
40.90							0.1281		
41.03							0.1953		
41.15							0.2835		
41.28							0.4578		
41.41							0.6027		
41.54							0.8904		
41.67							1.2726		
41.79							1.7976		
41.92							2.5074		
42.05							3.4839		
42.18							4.6767		
42.31							5.8527		
42.43							7.3584		
42.56							8.8116		
42.69							10.4706		
42.82							12.1485		
42.94							13.7046		
43.07							14.9037		
43.20							16.0020		
43.33							17.2872		
43.46							18.0852		
43.58							18.8727		
43.71							19.0365		
43.84							19.5279		
43.97							19.7337		
44.09							19.8891		
44.22							19.3662		
44.35							18.9735		
44.48							18.6333		
44.61							18.5724		
44.73							18.0474		
44.86							17.1864		
44.99							16.9764		
45.12							16.2225		
45.24							15.9642		
45.37							15.0234		
45.50							14.5362		
45.63							13.7655		
45.76							13.5912		
45.88							12.8541		
46.01							11.8776		
46.14							11.6802		
46.27							10.7919		
46.40							10.5861		
46.52							9.7188		
46.65							9.4332		
46.78							8.8095		
46.91							8.6352		
47.03							8.0556		
47.16							7.4550		
47.29							7.3689		
47.42							6.7914		
47.55							6.6948		
47.67							6.0690		
47.80							5.9766		
47.93							5.6070		
48.06							5.5503		
48.18							5.2479		
48.31							4.9014		
48.44							4.9035		
48.57							4.5255		
48.70							4.5738		
48.82							4.2021		
48.95							4.1475		
49.08							3.9795		
49.21							4.0383		
49.33							3.8325		
49.46							3.5931		
49.59							3.7674		
49.72							3.5364		
49.85							3.5889		
49.97							3.3264		
50.10							3.3663		
50.23							3.2697		
50.36							3.3537		
50.49							3.2487		
50.61							3.1794		
50.74							3.2529		
50.87							3.2340		
51.00							3.3117		
51.12							3.1290		
51.25							3.2718		
51.38							3.2655		
51.51							3.3705		
51.64							3.3201		
51.76							3.2886		
51.89							3.3621		
52.02							3.3264		
52.15							3.4482		
52.27							3.4062		
52.40							3.5448		
52.53							3.5511		
52.66							3.7296		
52.79							3.6960		
52.91							3.7611		
53.04							3.9270		
53.17							3.8892		
53.30							4.0719		
53.42							3.9837		
53.55							4.1916		
53.68							4.2315		
53.81							4.4226		
53.94							4.4562		
54.06							4.4583		
54.19							4.6767		
54.32							4.6851		
54.45							4.8300		
54.58							4.7880		
54.70							4.9791		
54.83							5.0421		
54.96							5.3025		
55.09							5.3067		
55.21							5.4222		
55.34							5.6196		
55.47							5.6574		
55.60							5.8737		
55.73							5.9598		
55.85							6.1152		
55.98							6.3777		
56.11							6.6171		
56.24							6.6591		
56.36							6.8523		
56.49							7.0938		
56.62							7.2156		
56.75							7.5327		
56.88							7.6104		
57.00							7.9338		
57.13							8.1585		
57.26							8.3727		
57.39							8.5008		
57.51							8.7381		
57.64							9.1308		
57.77							9.2337		
57.90							9.6411		
58.03							9.7797		
58.15							10.0926		
58.28							10.4433		
58.41							10.6806		
58.54							10.8570		
58.66							11.1573		
58.79							11.6130		
58.92							11.6508		
59.05							12.1464		
59.18							12.2514		
59.30							12.6966		
59.43							13.0599		
59.56							13.3686		
59.69							13.5093		
59.82							13.8369		
59.94							14.3535		
60.07							14.4249		
60.20							14.9016		
60.33							14.9877		
60.45							15.4119		
60.58							15.8529		
60.71							16.1616		
60.84							16.2414		
60.97							16.5480		
61.09							17.0688		
61.22							17.0604		
61.35							17.6211		
61.48							17.6841		
61.60							18.0705		
61.73							18.4380		
61.86							18.7383		
61.99							18.7908		
62.12							19.0785		
62.24							19.5510		
62.37							19.5720		
62.50							20.0382		
62.63							20.0844		
62.75							20.5968		
62.88							20.8404		
63.01							21.2394		
63.14							21.3339		
63.27							21.6909		
63.39							22.4070		
63.52							22.4259		
63.65							22.9971		
63.78							23.2554		
63.91							23.8980		
64.03							24.3663		
64.16							25.1013		
64.29							25.4226		
64.42							26.1240		
64.54							27.2706		
64.67							27.6213		
64.80							28.7238		
64.93							29.4819		
65.06							30.5991		
65.18							31.7205		
65.31							33.0939		
65.44							34.0305		
65.57							35.4564		
65.69							37.5060		
65.82							38.3082		
65.95							40.2381		
66.08							41.9958		
66.21							43.8795		
66.33							45.5427		
66.46							47.8695		
66.59							49.5159		
66.72							51.6516		
66.84							54.6819		
66.97							55.8327		
67.10							58.2267		
67.23							60.5913		
67.36							63.1008		
67.48							64.5540		
67.61							67.5654		
67.74							69.0627		
67.87							71.3559		
68.00							74.6466		
68.12							75.8037		
68.25							77.4501		
68.38							79.7160		
68.51							81.9462		
68.63							82.5363		
68.76							85.2390		
68.89							86.1693		
69.02							87.4188		
69.15							89.8506		
69.27							90.5940		
69.40							90.9237		
69.53							92.1018		
69.66							93.3597		
69.78							92.6646		
69.91							94.2879		
70.04							93.9855		
70.17							93.9834		
70.30							95.0712		
70.42							94.8360		
70.55							93.9855		
70.68							93.6117		
70.81							93.9372		
70.93							92.2257		
71.06							93.0720		
71.19							91.3416		
71.32							90.5541		
71.45							90.1425		
71.57							89.7120		
71.70							88.0026		
71.83							86.4675		
71.96							85.9068		
72.09							84.1323		
72.21							83.9769		
72.34							81.6375		
72.47							80.4972		
72.60							79.3569		
72.72							78.6240		
72.85							76.5891		
72.98							74.6067		
73.11							73.3362		
73.24							71.7759		
73.36							71.0178		
73.49							68.5251		
73.62							67.2777		
73.75							65.8833		
73.87							65.0643		
74.00							62.9601		
74.13							60.9168		
74.26							59.4825		
74.39							58.3023		
74.51							57.3468		
74.64							54.7995		
74.77							53.8587		
74.90							52.3509		
75.02							51.5697		
75.15							49.8267		
75.28							48.0627		
75.41							46.6095		
75.54							45.7968		
75.66							44.8434		
75.79							42.6909		
75.92							41.9160		
76.05							40.7799		
76.17							39.9546		
76.30							38.7030		
76.43							37.2393		
76.56							36.1725		
76.69							35.5362		
76.81							35.1036		
76.94							33.3711		
77.07							32.7369		
77.20							32.0733		
77.33							31.3677		
77.45							30.4878		
77.58							29.4021		
77.71							28.6251		
77.84							27.8985		
77.96							27.7326		
78.09							26.5755		
78.22							25.8489		
78.35							25.5507		
78.48							24.8220		
78.60							24.3243		
78.73							23.5263		
78.86							23.0097		
78.99							22.2663		
79.11							22.3440		
79.24							21.5187		
79.37							20.9559		
79.50							20.9790		
79.63							20.3511		
79.75							20.1180		
79.88							19.5006		
80.01							19.3284		
80.14							18.6648		
80.26							18.8496		
80.39							18.4212		
80.52							18.0054		
80.65							17.9970		
80.78							17.6316		
80.90							17.5602		
81.03							17.2431		
81.16							17.2242		
81.29							16.7202		
81.42							17.0100		
81.54							16.7601		
81.67							16.5564		
81.80							16.5564		
81.93							16.3926		
82.05							16.4178		
82.18							16.2204		
82.31							16.3611		
82.44							15.9327		
82.57							16.2246		
82.69							16.2099		
82.82							16.0125		
82.95							16.0881		
83.08							16.1763		
83.20							16.2498		
83.33							16.0146		
83.46							16.3338		
83.59							16.0062		
83.72							16.2939		
83.84							16.2918		
83.97							16.3464		
84.10							16.3506		
84.23							16.4871		
84.35							16.4535		
84.48							16.4388		
84.61							16.7643		
84.74							16.6383		
84.87							16.9092		
84.99							16.9827		
85.12							17.2137		
85.25							17.1423		
85.38							17.5665		
85.51							17.5833		
85.63							17.7471		
85.76							18.1986		
85.89							18.2637		
86.02							18.4674		
86.14							18.6984		
86.27							19.1058		
86.40							19.0890		
86.53							19.6308		
86.66							19.6812		
86.78							20.0319		
86.91							20.4267		
87.04							20.6808		
87.17							20.8677		
87.29							21.1764		
87.42							21.6153		
87.55							21.6510		
87.68							22.2495		
87.81							22.2726		
87.93							22.6212		
88.06							23.1336		
88.19							23.3835		
88.32							23.4822		
88.44							23.7657		
88.57							24.2067		
88.70							24.1311		
88.83							24.6561		
88.96							24.6162		
89.08							24.7905		
89.21							25.1664		
89.34							25.2168		
89.47							25.0782		
89.60							25.1979		
89.72							25.4352		
89.85							25.0740		
89.98							25.3596		
90.11							25.0362		
90.23							24.9690		
90.36							25.0593		
90.49							24.8871		
90.62							24.5805		
90.75							24.3285		
90.87							24.2445		
91.00							23.7342		
91.13							23.7111		
91.26							23.3016		
91.38							22.9215		
91.51							22.7430		
91.64							22.3671		
91.77							21.9534		
91.90							21.4935		
92.02							21.2079		
92.15							20.6766		
92.28							20.4267		
92.41							19.9374		
92.53							19.4040		
92.66							19.1940		
92.79							18.7110		
92.92							18.3162		
93.05							17.6841		
93.17							17.2914		
93.30							16.8420		
93.43							16.6278		
93.56							16.0671		
93.69							15.5568		
93.81							15.3909		
93.94							14.8743		
94.07							14.5509		
94.20							14.0175		
94.32							13.6038		
94.45							13.2090		
94.58							13.0389		
94.71							12.5643		
94.84							12.0834		
94.96							11.9910		
95.09							11.4954		
95.22							11.2917		
95.35							10.8234		
95.47							10.5420		
95.60							10.1535		
95.73							10.0632		
95.86							9.6558		
95.99							9.3072		
96.11							9.1833		
96.24							8.8116		
96.37							8.7045		
96.50							8.2425		
96.62							8.0619		
96.75							7.7364		
96.88							7.6944		
97.01							7.4550		
97.14							7.1106		
97.26							7.0350		
97.39							6.7473		
97.52							6.5961		
97.65							6.3126		
97.77							6.1740		
97.90							5.8737		
98.03							5.8044		
98.16							5.6343		
98.29							5.4075		
98.41							5.2710		
98.54							5.1093		
98.67							4.9623		
98.80							4.7229		
98.93							4.6032		
99.05							4.5234		
99.18							4.3617		
99.31							4.1853		
99.44							4.0740		
99.56							4.0110		
99.69							3.8682		
99.82							3.7023		
99.95							3.6141		
100.08							3.5301		
100.20							3.5112		
100.33							3.3075		
100.46							3.2739		
100.59							3.1563		
100.71							3.0450		
100.84							3.0555		
100.97							2.8959		
101.10							2.8455		
101.23							2.7762		
101.35							2.7384		
101.48							2.6691		
101.61							2.6355		
101.74							2.5431		
101.86							2.5074		
101.99							2.4255		
102.12							2.4192		
102.25							2.3415		
102.38							2.3625		
102.50							2.2932		
102.63							2.2575		
102.76							2.1945		
102.89							2.1966		
103.02							2.1210		
103.14							2.1504		
103.27							2.0769		
103.40							2.0433		
103.53							2.0118		
103.65							2.0097		
103.78							1.9551		
103.91							1.9362		
104.04							1.9005		
104.17							1.8732		
104.29							1.8837		
104.42							1.8312		
104.55							1.8123		
104.68							1.8060		
104.80							1.7913		
104.93							1.7577		
105.06							1.7829		
105.19							1.7325		
105.32							1.7136		
105.44							1.7262		
105.57							1.7388		
105.70							1.6653		
105.83							1.6947		
105.95							1.6254		
106.08							1.6821		
106.21							1.6569		
106.34							1.6989		
106.47							1.6233		
106.59							1.6653		
106.72							1.6296		
106.85							1.5897		
106.98							1.5960		
107.11							1.5834		
107.23							1.5960		
107.36							1.5708		
107.49							1.5750		
107.62							1.5183		
107.74							1.5960		
107.87							1.5519		
108.00							1.4994		
108.13							1.5435		
108.26							1.4952		
108.38							1.5078		
108.51							1.4595		
108.64							1.5015		
108.77							1.5078		
108.89							1.5015		
109.02							1.4910		
109.15							1.5267		
109.28							1.5393		
109.41							1.4532		
109.53							1.5162		
109.66							1.4637		
109.79							1.4994		
109.92							1.4700		
110.04							1.4700		
110.17							1.4868		
110.30							1.4322		
110.43							1.5204		
110.56							1.4616		
110.68							1.4910		
110.81							1.4595		
110.94							1.4049		
111.07							1.3713		
111.20							1.4196		
111.32							1.3713		
111.45							1.3881		
111.58							1.6254		
111.71							1.4616		
111.83							1.3503		
111.96							1.3797		
112.09							1.4448		
112.22							1.4322		
112.35							1.4868		
112.47							1.3713		
112.60							1.3965		
112.73							1.4028		
112.86							1.3713		
112.98							1.3335		
113.11							1.2999		
113.24							1.3335		
113.37							1.3587		
113.50							1.2999		
113.62							1.3041		
113.75							1.3167		
113.88							1.2747		
114.01							1.2936		
114.13							1.2495		
114.26							1.2684		
114.39							1.2348		
114.52							1.2369		
114.65							1.2474		
114.77							1.1823		
114.90							1.1970		
115.03							1.1886		
115.16							1.2432		
115.28							1.1424		
115.41							1.1760		
115.54							1.1676		
115.67							1.1487		
115.80							1.1550		
115.92							1.1634		
116.05							1.1445		
116.18							1.1403		
116.31							1.1592		
116.44							1.1025		
116.56							1.1382		
116.69							1.1193		
116.82							1.1172		
116.95							1.1697		
117.07							1.1382		
117.20							1.1025		
117.33							1.0773		
117.46							1.1466		
117.59							1.1277		
117.71							1.1046		
117.84							1.0773		
117.97							1.0731		
118.10							1.1466		
118.22							1.0920		
118.35							1.0836		
118.48							1.0710		
118.61							1.1487		
118.74							1.1151		
118.86							1.0752		
118.99							1.1025		
119.12							1.1088		
119.25							1.1214		
119.37							1.0962		
119.50							1.1529		
119.63							1.1025		
119.76							1.1865		
119.89							1.1424		